7777
555
1242
1729
931
1035
1818
867
1653
846
181
148
23
913
1511
41
132
1820
582
1855
1762
1359
1678
1943
440
635
660
1209
783
668
525
155
149
1655
6
1833
724
1958
62
37
1644
1143
620
2012
977
772
1473
1372
1774
1369
764
901
342
907
521
783
436
1704
1520
834
683
257
579
1847
622
1478
952
505
899
309
1450
214
1538
1312
315
353
2008
1778
426
755
1952
1784
1940
1411
810
1815
1346
743
107
307
1253
867
1516
421
1637
841
1847
1217
1959
821
1214
1131
1459
1331
132
1284
216
1587
1627
1741
938
1619
54
860
812
1406
1326
1964
150
151
309
957
478
1766
687
759
305
673
918
941
1155
1626
555
1305
1364
943
600
795
388
1224
690
380
1754
669
1878
476
1271
26
164
87
416
1734
398
1811
1361
1092
1835
1687
1841
202
1369
25
196
822
2008
1463
1703
1460
1418
1852
1201
2011
1718
949
1129
873
902
1174
1532
357
577
1411
1944
348
1403
1938
1733
787
523
1759
1933
593
7
160
306
363
129
1544
1720
1662
1634
747
161
1161
800
2021
1745
392
1699
1082
1254
943
1451
110
932
1153
1782
1246
188
127
128
844
1047
1620
392
878
1174
1824
1908
1118
283
1908
871
1144
1087
662
871
943
1829
1084
456
906
533
1481
553
1726
1294
1006
870
1298
180
1055
1712
241
1759
1181
42
1287
34
949
1821
1131
1153
1933
287
49
1216
1639
1437
1196
378
783
360
363
1215
1771
107
1150
66
624
640
527
1671
1624
1044
71
1783
1104
805
1067
1134
184
1447
1915
1601
1304
1511
876
1453
1251
1920
1244
665
71
843
1266
545
551
1553
1122
1263
910
1116
1172
766
1895
1505
763
642
575
694
2004
1184
137
994
588
1263
296
463
238
1662
540
2022
53
1127
1529
111
1100
1261
1304
415
1396
1945
634
86
46
1228
1951
1952
782
913
541
1892
1695
1091
860
1765
1731
1984
336
1323
460
1203
1923
1542
1038
1739
949
1918
1937
688
475
1077
831
374
1096
235
1026
1137
204
1470
793
598
254
1670
962
720
1899
5
29
1306
1069
1929
1053
289
110
325
227
295
1104
1610
1316
1085
147
1390
1996
1875
432
1800
1090
1668
1260
1568
663
1440
666
1525
189
1486
730
390
243
443
1805
78
1579
1299
1285
277
357
796
863
1623
1898
1027
1992
1005
4
1791
942
828
118
1671
981
706
890
159
482
930
273
889
1332
1032
568
1761
105
64
2015
1579
339
392
783
1264
1780
147
1658
209
1901
78
574
1322
45
1290
1107
146
1095
1661
1745
569
201
495
1849
1815
16
483
961
1645
1985
555
190
812
1270
96
258
1002
373
1353
846
481
207
1606
1206
1643
774
1114
1597
1011
1189
696
1732
814
187
126
1140
260
840
946
769
566
169
297
1583
1770
1129
1308
332
1011
1723
1047
1580
756
1017
672
1129
1049
1684
422
290
277
1754
853
1917
1310
949
647
745
1334
436
160
1049
9
641
1066
836
924
940
1884
892
833
1825
1731
1387
1492
1169
1408
1509
1822
320
1466
1301
543
883
1617
74
1363
720
1079
954
1884
1407
46
1702
566
736
990
57
1439
1902
1199
1510
782
12
650
2006
545
942
295
1645
987
1958
1042
458
401
1428
1689
363
413
1811
1887
886
1734
440
1486
193
739
493
648
1237
521
1131
1747
413
823
1632
276
1267
1112
1095
491
1954
281
800
1617
205
125
1573
110
845
946
908
51
1400
1496
1070
343
1690
412
1401
1764
902
385
1308
905
299
1801
2003
916
1036
472
488
1790
402
874
454
381
338
831
746
1482
1741
207
963
550
453
420
1432
523
921
1535
1321
1436
1095
355
310
1075
1724
388
834
1682
740
1302
1353
1199
40
1312
150
1021
1869
301
1123
1309
1164
16
263
748
412
1699
1341
882
782
631
616
362
894
1319
1135
1860
1736
1236
1954
1827
972
1547
1016
1032
1512
673
1890
1178
182
83
891
226
837
1543
699
1775
1876
942
610
870
25
1517
303
882
1859
1347
1139
1763
1743
324
611
1439
1731
870
718
1697
561
250
466
216
1811
1250
1690
706
1494
906
855
148
649
1089
843
382
699
401
1931
1694
1378
691
1819
899
155
329
558
1639
490
1152
1687
1973
1063
744
1590
1927
1514
1526
802
163
1800
930
1392
310
612
1766
1787
483
1396
658
691
241
768
1258
339
1588
1076
1516
904
105
64
2020
926
621
1335
1896
786
1624
1892
689
747
1243
672
580
877
23
34
1206
59
1044
737
393
1759
530
1962
1156
1489
922
700
108
1432
880
1009
1541
352
1612
139
397
1299
1958
1459
1819
432
1545
151
1107
505
1050
1164
365
75
142
414
526
803
1469
831
1217
1775
556
265
969
386
73
1753
708
1780
1220
221
246
504
143
1996
944
1296
1049
2015
288
505
954
468
1524
1192
1877
699
46
1412
1710
1915
183
1719
353
659
24
153
1267
641
691
65
83
301
908
1066
998
1188
342
749
1403
1533
609
316
1500
1691
1918
329
1351
947
1541
1830
1557
1063
1097
1362
1361
1886
1380
1914
400
1030
25
390
974
1766
1294
580
1341
1963
1411
1129
1482
305
1900
1480
1934
1398
1127
1202
817
1339
111
1200
1076
151
1337
1712
1192
1503
920
1504
1222
1540
318
842
1139
820
1437
1815
1748
1763
198
1907
613
1709
1971
577
1342
392
1872
1698
1094
1005
328
1828
642
949
469
1191
228
896
797
129
232
1170
225
646
1189
279
1040
1351
1441
1845
524
1518
438
1227
1326
1588
648
1466
1712
1969
478
3
223
308
766
662
22
1136
468
1766
1696
910
1361
487
1228
856
831
1966
1932
376
1941
1628
980
875
1761
412
1610
99
1071
891
370
1220
467
348
1446
464
1766
1548
597
994
1946
1913
47
955
275
1624
391
167
863
1016
1336
467
416
776
1027
398
359
1378
366
1918
298
1674
1483
1849
331
381
405
884
1099
630
451
1263
252
310
553
30
499
1355
118
398
197
1182
993
399
540
41
834
1587
1880
771
518
1107
1538
137
765
1695
339
434
1200
1343
1564
170
83
1468
861
1694
1390
1103
214
1850
806
1774
356
287
890
1438
1654
1811
718
528
1137
668
1577
1268
1076
419
118
858
1631
1025
1526
1512
1080
1168
1292
62
422
1051
1888
498
406
27
1610
668
444
947
1474
103
1444
543
600
905
516
5
1629
794
1994
797
781
1000
1387
378
352
1946
1341
1364
247
564
881
548
319
994
1493
236
282
980
20
652
1393
1522
427
849
770
688
1816
1353
1034
137
530
449
637
269
338
1202
986
1483
211
2014
559
1533
1262
1148
1056
987
1085
238
472
17
922
1146
67
1820
241
1886
315
1741
1709
1651
1270
585
1853
1717
471
1824
84
686
1153
1411
264
514
626
1777
1733
1240
70
489
1730
843
209
595
1400
356
837
1446
1666
1127
630
892
1575
1536
1320
548
1742
1866
1113
28
506
143
985
1165
1576
1425
1918
199
1280
625
171
1785
1785
809
1088
338
756
2009
877
714
2
793
611
727
444
216
268
1447
86
148
903
1929
1946
2013
475
1296
1180
1482
1300
855
1488
1736
834
1058
1188
377
1286
455
1198
378
719
741
439
1905
755
917
1489
1502
1264
196
1112
749
1171
1453
1114
1260
1498
813
517
542
76
918
1961
248
1920
16
373
293
99
457
682
93
1474
733
290
1928
1369
200
1155
737
386
443
1020
1049
1064
777
1049
1989
471
1251
1448
1863
1833
568
1328
130
1484
1314
1925
1260
1779
993
392
1542
1470
1878
361
377
499
1363
1467
338
159
710
807
1640
1582
1833
680
1407
734
955
298
556
650
1366
1644
1078
1255
1222
999
147
1094
333
504
886
1482
880
506
720
1233
107
1511
489
1769
658
523
1677
1549
838
913
789
1802
1717
160
849
1580
701
992
882
307
888
1200
1088
244
403
1349
1850
1725
282
1317
179
1381
674
755
419
1284
452
1056
233
1408
1011
155
982
1002
376
1209
403
787
750
1009
478
632
2004
788
1762
658
1525
1113
1087
386
22
1194
1613
1705
160
1475
207
820
1870
1089
1550
1485
23
1360
1725
1700
1255
1678
1901
1915
1450
1863
665
1182
1607
466
510
1270
105
55
104
235
1948
231
1858
663
248
508
855
294
14
548
355
780
806
72
1940
1037
586
576
516
2005
491
1288
1379
763
1379
1474
36
1295
36
279
1600
1744
1957
1466
413
1861
432
344
1002
455
1572
847
964
223
209
1464
1911
1465
1262
1732
464
1849
1801
1125
1285
1598
534
1620
901
500
411
1490
1844
578
273
78
1333
221
161
443
711
1673
70
672
1217
1338
575
327
952
1801
324
812
1990
868
1626
660
706
200
219
582
1880
719
1984
838
1472
621
1526
255
1248
620
1341
1503
1964
1444
473
48
394
624
1976
774
1160
1243
298
252
1565
1572
1028
1719
1858
634
1736
28
1002
16
918
668
184
104
1721
263
1142
1740
1290
372
944
1260
64
485
680
1550
1678
918
883
1583
1924
1931
1279
98
866
392
1764
55
1608
717
318
1472
81
964
1540
1994
1924
1527
382
989
1346
661
805
1192
832
156
1492
1487
1154
251
250
1907
1873
27
847
1822
97
543
753
838
1179
283
1532
1455
1009
187
206
1000
434
1319
1746
1426
1226
1289
341
1244
1284
1148
857
270
218
1954
426
655
1438
1509
812
1052
827
457
1582
1451
703
1900
431
1666
1730
909
808
407
957
559
628
535
1661
267
304
692
70
686
587
1259
264
1548
493
1856
1550
804
667
624
683
1135
2018
1369
1960
1483
1114
1945
52
1955
89
1968
1718
1386
896
1757
1560
1776
721
1898
111
834
6
1158
178
1042
516
1165
1457
1270
263
627
1238
1774
478
749
468
878
1927
534
222
1422
1308
199
1794
637
1251
1204
1091
63
746
195
462
732
2012
1349
70
86
1379
1447
1260
1015
1087
996
1807
1867
224
1273
627
1426
1509
1163
1328
378
107
766
1984
1725
1414
402
432
715
179
1280
1264
1387
554
889
1585
125
627
198
686
233
550
453
681
1518
252
1470
489
1500
1265
1504
651
797
1844
1848
378
1983
1333
2004
1116
193
1384
1355
314
781
997
2010
143
1120
827
1569
492
32
1626
569
1231
1908
514
976
1119
1024
912
826
545
1156
1410
664
294
1845
1879
1636
1105
1554
429
9
339
1935
319
704
951
1685
705
306
1822
871
119
126
891
1615
1376
537
226
950
714
1180
36
1865
165
1070
461
1046
359
403
1282
996
108
661
1498
1687
1750
601
1488
921
139
389
95
742
28
866
646
154
1341
209
1385
1711
1645
741
1916
128
333
401
826
152
1075
950
346
409
969
813
395
1375
5
988
1148
657
916
929
1497
1453
857
442
1207
1516
77
193
1841
838
189
923
1932
1919
1896
1223
923
765
1989
1288
635
429
1481
1192
1731
1592
401
1936
813
1412
263
721
86
1812
294
152
45
517
318
1399
983
1366
1826
1259
1855
642
753
282
864
1786
90
1553
287
645
357
940
1117
659
194
1793
1214
772
2011
782
1158
55
427
1142
1663
616
334
1582
977
678
862
1597
1648
807
228
805
1716
1317
387
1370
1623
1970
1709
1980
1236
1324
329
1040
1809
369
1335
408
850
1615
1126
737
1659
626
388
317
691
1902
457
1515
1111
1575
1451
1569
491
15
635
698
164
1064
1502
1587
332
1714
837
135
822
63
546
83
157
2000
91
259
804
1007
1067
331
1927
1571
1901
642
1509
1878
859
1099
161
250
1380
1071
239
71
2021
1832
1768
460
1680
1533
390
938
385
563
1972
180
1175
624
341
671
369
948
783
61
268
884
415
114
1981
1005
1717
1727
606
193
124
831
1880
1950
1980
848
258
1272
190
227
1008
444
1110
1787
1467
1384
689
1797
929
1104
1825
1993
1749
1210
1841
1843
1846
1315
789
520
1351
757
454
896
889
1936
1413
1439
1870
1942
1062
1252
1484
232
1818
1333
1618
1084
996
828
1571
163
914
426
290
1226
1999
913
869
1767
1425
1589
1126
511
1506
142
890
459
1605
548
62
866
588
1574
1199
1111
1489
1491
1214
1368
372
483
239
2005
1711
681
482
1604
324
380
720
438
224
923
618
665
1556
1691
230
828
140
706
25
741
1674
329
1556
1842
36
169
1565
22
143
1386
224
993
459
1880
179
1728
1551
46
1180
695
217
1494
323
642
1262
273
526
1514
1624
647
29
555
2021
60
1820
1651
478
1563
492
48
266
472
1564
625
1939
1157
1030
1876
1711
924
1720
1276
186
1649
1799
1954
244
765
22
645
1131
1110
1044
289
1397
315
700
1335
604
1013
1080
1245
1244
743
9
1522
1293
354
882
561
1298
1708
1112
1083
582
267
446
849
1304
1171
1874
1932
1297
1018
23
1151
450
1736
90
598
822
1869
329
158
1036
367
177
307
1072
926
1331
1135
1122
593
1335
1914
1809
32
362
272
720
1048
1739
1168
819
430
1414
1879
600
1235
963
534
1323
899
1761
1488
1122
1786
132
1569
818
990
1642
1164
1803
1603
457
1620
1470
1130
1117
810
354
1085
110
739
677
724
314
802
963
1577
1750
931
1358
1759
283
1677
854
1796
258
1993
398
656
1226
1756
285
33
1182
1195
1371
503
1872
1762
1064
247
1032
452
296
1402
1954
759
398
885
1595
740
1534
691
697
1233
1467
1290
1391
1684
1260
951
1317
1434
1498
785
1722
240
462
50
387
1335
465
1748
756
300
1820
639
173
526
1148
557
1193
1219
716
1966
1745
1533
31
1368
830
1819
1866
1365
302
1569
1720
1481
996
1576
1479
963
1617
63
1343
812
547
1525
830
559
1643
528
452
946
1040
1089
619
1475
1430
521
436
1028
693
901
886
1193
750
203
919
1095
779
276
1769
1133
1953
1388
1761
1881
1584
805
813
1855
1489
1312
664
1298
1376
1461
140
1101
83
254
654
1779
1735
258
1012
876
673
1805
650
1847
909
593
1431
279
697
1232
1502
1495
1205
447
1330
569
1625
823
1046
1939
942
1677
1310
834
1125
1853
1741
1775
1851
310
1470
1400
1459
775
759
376
999
989
776
1210
432
207
1894
132
348
1310
1594
1115
135
1787
1357
1844
765
536
1177
1603
1974
1940
1932
977
1636
1155
1851
1698
590
1431
1469
1005
833
169
341
737
1806
1167
458
1905
942
1671
1259
1648
294
1416
2002
983
189
1552
626
131
51
1425
2021
1867
836
65
1392
1140
1801
1475
1030
1573
760
1595
874
1853
1393
1750
2017
1851
643
1934
765
1561
185
299
445
611
1086
80
413
477
1882
1020
1550
2
479
1115
863
1440
1217
349
1072
1858
1846
91
1092
204
726
924
1708
1826
1211
1982
1424
245
83
578
1446
370
1465
1480
1672
1240
1268
542
1547
593
1083
457
1233
1171
1424
1786
1736
1903
754
1160
421
893
1877
80
1578
1731
428
349
1304
432
4
1113
295
1232
2008
76
982
389
145
330
1297
1019
420
506
1225
1840
1019
1422
1423
1855
265
1489
1512
355
666
1069
1187
262
1989
1016
1143
607
1394
652
1065
732
941
1147
189
165
1561
248
1833
1987
568
1779
786
523
1539
1928
516
1543
1927
1437
290
1040
1607
1281
1375
1728
1462
1561
698
2015
1417
583
1070
1066
989
1767
1283
263
438
1383
739
260
627
850
1923
229
1135
747
976
1492
1646
1619
1480
838
276
1026
480
533
1268
230
88
578
1857
746
974
936
1286
54
136
620
2005
173
1809
712
489
730
1531
1722
872
282
1722
733
692
1031
771
1337
1924
42
1285
1017
775
508
648
728
1958
806
1202
984
1150
1001
1792
821
1303
387
1477
296
1967
81
1812
1644
1848
7
1417
321
404
574
976
412
1752
1666
1262
610
1204
445
1135
827
1992
1854
1905
427
1224
1991
612
1197
1547
659
384
1029
1038
823
344
1430
1480
2011
891
1382
1321
615
246
601
849
1412
1303
734
79
1219
957
540
1994
1970
1719
1442
324
1978
778
971
2005
898
1834
1543
1982
1299
2
1755
1841
519
353
1949
1655
1642
1298
1717
1397
1091
840
1591
665
731
735
886
473
1321
1272
310
27
1205
1297
1399
1409
1248
1762
1105
531
424
986
1342
598
21
838
822
472
1562
270
1526
253
885
56
1679
599
851
1006
1106
1603
1890
639
1705
1569
38
1729
1914
1247
380
137
1091
1588
1423
1694
1129
1947
1862
665
1066
271
1659
172
1877
1270
104
1314
734
296
304
317
715
1908
757
373
604
951
1014
1657
1363
474
733
1230
1479
1095
280
395
800
141
1046
450
1510
450
82
1508
1979
1139
1888
1593
753
1543
1557
465
1940
1246
1699
1799
2001
852
1876
1250
762
1622
978
1535
1008
1038
411
519
152
1527
510
1253
938
1795
480
1563
1511
1155
1194
1478
1261
883
1315
1812
1457
79
1935
562
300
745
1010
2015
123
189
1149
928
1639
289
1447
184
987
1361
1738
560
409
441
1303
926
1417
1925
483
609
1601
305
800
1032
929
1449
1853
934
2001
1521
98
609
152
419
279
1284
1246
510
1591
1927
769
1395
1626
1012
1417
1642
1364
1262
1565
1966
1878
1921
1978
175
252
857
1298
1673
127
1733
814
31
1964
834
1721
472
880
1133
1099
656
503
993
1855
1240
829
1522
1311
1877
213
1303
865
528
1063
100
1012
255
567
1520
687
1404
144
876
1574
187
1321
1731
1382
1950
124
631
224
683
1263
1953
1280
1381
593
1254
570
361
858
1520
116
1257
1454
533
919
1251
926
928
1363
904
285
1522
557
1327
253
245
653
1607
747
997
171
1219
1545
221
865
1849
1862
954
115
1786
341
1850
916
1268
1813
1702
1736
1111
1813
1097
1177
1455
87
1512
552
1335
835
766
471
184
1241
1517
782
439
1931
1611
1382
808
997
771
1355
1885
1807
1266
95
1566
1471
199
1810
128
660
411
818
1990
1442
2016
6
1456
65
1609
2022
447
1484
1133
519
1870
670
1865
1476
1544
1342
1190
1931
116
747
483
119
832
1341
756
1891
1250
1859
307
1506
1112
330
1861
46
773
260
1953
244
1943
359
1942
145
802
601
203
1983
2016
467
108
1938
928
1243
1361
663
1811
123
838
1358
1094
1267
1790
1814
1833
1876
222
1570
470
567
483
185
1681
1741
37
1694
888
293
41
1064
955
1325
22
1876
1011
711
94
835
669
1425
928
742
1187
1435
122
1583
1192
1552
1456
1687
926
1687
1910
1553
2020
979
994
2006
923
536
422
1284
1153
1509
27
700
1523
730
2003
1225
1462
156
317
252
139
1796
1581
1548
1537
1728
371
1465
404
712
526
1147
971
1605
764
953
988
1228
1340
1034
1929
1974
1819
2002
804
985
1816
1796
879
384
1675
1506
1707
668
279
1930
1411
337
591
1967
876
407
1116
1421
941
417
686
311
1820
1895
1685
1035
1542
379
1124
246
661
1851
723
775
134
584
889
1482
53
107
838
1592
1705
1678
1323
1580
683
882
1482
194
1182
1382
1724
1997
374
1206
1849
145
105
1414
1379
422
1212
832
1413
1903
1157
513
104
1445
361
360
1768
1737
614
20
668
1013
1174
1207
1071
1576
121
1474
1484
1732
1340
1621
574
1971
573
238
932
897
179
1266
1363
1802
1751
55
1043
1533
1704
1053
1636
409
178
545
1495
1278
1387
1188
1067
1013
780
918
1255
1382
1084
194
641
461
697
76
449
1419
588
674
1713
985
1870
320
640
814
1994
1834
1796
1435
147
811
945
94
1134
541
272
136
674
1167
544
1361
1149
1103
1667
1053
1960
1967
1656
751
273
1210
1846
2020
1743
167
983
615
1877
311
355
1581
726
934
1551
793
1734
1087
1883
1125
414
1121
1537
1525
80
424
817
2003
86
378
757
1683
643
1365
1221
31
1573
1046
1305
162
295
599
106
1519
1256
946
1075
166
846
871
387
489
250
845
1000
1249
1128
1730
1976
741
1727
1935
1546
805
1130
1937
581
249
1928
1823
804
959
523
442
1246
485
1292
525
1389
317
1626
911
1485
1143
1381
1427
1026
1804
820
1902
1380
67
132
925
671
289
1664
1178
1344
1166
844
524
1237
516
794
1164
29
1483
897
1961
1754
1711
1628
1991
524
811
1511
667
1485
1688
1682
2015
306
1343
1262
1414
669
1344
1070
903
1443
1127
1062
801
550
2008
46
965
1473
1403
767
683
1891
371
1840
1232
174
281
286
823
1785
1348
761
365
229
223
898
1709
1355
781
821
1866
1618
1396
1490
1365
420
310
1751
1752
1047
1411
110
466
1593
316
1364
1993
548
797
1252
1750
1805
1825
314
1077
1049
991
415
385
1075
391
271
1476
1628
1802
748
1423
1142
162
1119
1530
1054
1607
1396
1824
1859
1201
1123
1955
1999
1639
938
630
1042
1650
327
78
1330
142
587
298
1789
277
2001
650
530
819
209
271
1019
1598
1763
1047
1229
224
1293
237
1698
1292
727
1106
62
1116
709
1399
1538
1554
757
442
176
1210
1052
128
150
1438
625
135
270
1616
980
845
1749
304
1351
1597
1489
1603
786
531
1550
1885
1624
1051
1687
38
963
1665
184
607
94
1831
587
1374
125
931
272
762
233
612
231
1769
1272
1510
918
1510
1878
30
612
1047
526
929
1230
774
773
646
1951
779
35
1883
106
198
1972
158
1531
1641
1896
670
1882
1738
435
1783
1416
1281
266
826
368
1752
1288
876
758
661
529
1243
1160
1891
1125
1237
1863
1667
1025
490
27
1400
1193
1406
469
1849
1365
1497
1389
153
1647
1975
1886
1
1049
758
643
742
442
1485
685
1067
1191
1146
1847
1145
37
1536
506
213
579
1782
291
837
245
631
1142
1313
1902
256
1929
1734
379
1613
1492
1214
1694
1780
1415
1711
1527
85
209
782
467
1152
248
877
946
1092
869
946
1415
1721
851
887
1911
1946
1088
1813
58
390
1137
477
1679
97
729
81
1051
1150
749
1143
986
1377
1072
1635
1184
1777
1156
180
280
1521
728
1615
378
883
728
565
1369
1377
1332
838
403
1639
1283
586
895
828
1187
1482
973
848
463
452
1007
1068
1563
932
1609
465
1628
615
1067
1885
768
76
606
1182
531
1217
1379
980
1864
1046
1264
2020
689
176
104
467
579
1576
1018
58
227
1902
266
1460
964
1290
174
841
677
1379
596
400
106
477
1344
400
1599
1792
1043
605
1442
52
791
1888
630
1374
1629
234
1752
1485
1596
686
485
1197
346
1858
1462
749
846
1462
332
547
1788
1610
1582
12
652
907
596
1189
1733
21
1263
1568
1396
567
476
1107
1992
1233
197
822
1895
1723
1028
203
290
1379
229
981
1362
808
67
801
1612
142
561
1950
352
999
1786
853
272
507
207
746
800
1031
1670
719
1367
841
523
1803
1524
1030
1915
1369
1282
1286
1538
637
1945
207
1558
314
76
655
938
335
1103
450
1267
1560
1061
1587
582
1612
67
1836
314
48
352
1859
1509
1326
1159
89
1434
33
442
1505
1829
792
386
1385
1045
1819
1609
212
1844
1076
212
681
1736
1824
1060
1172
702
965
706
539
816
564
856
1422
1542
736
1802
1760
40
1517
322
1690
506
1161
1174
2021
191
1178
1541
1700
1479
794
1084
478
1523
1597
1387
505
1472
410
1608
467
1149
31
1318
498
630
50
1264
944
267
1385
1923
1911
1092
360
1334
1607
493
1279
95
859
1395
1870
278
1396
193
1618
1046
553
1351
564
1986
1155
834
2000
1768
657
134
346
1057
1329
1000
1158
682
697
625
807
1908
188
1896
374
1413
1568
1086
1622
197
1567
1081
1824
541
1808
1769
455
556
610
1143
657
1308
1153
1728
1422
318
1597
1675
1808
1123
1667
915
1644
364
865
932
1093
1845
309
23
1486
477
1514
1817
922
337
1777
1858
619
719
1901
838
403
351
234
733
717
1420
676
1140
1308
33
856
1393
1795
1285
947
1682
1928
521
1188
774
1971
2005
905
139
1465
126
1433
336
1772
1018
779
275
1859
1407
1794
1053
1161
803
292
351
684
639
1447
434
1078
212
1401
324
470
1624
1770
1711
1975
1222
1304
1422
1027
1893
896
1225
480
2017
629
679
1179
304
1156
1212
1853
296
1747
582
512
986
172
1393
1972
237
938
788
373
1826
1210
322
493
819
1465
1381
206
1707
1075
1320
1101
1505
551
74
1217
1877
363
921
1581
1436
619
1706
1133
1312
1355
333
583
1487
1537
1481
1375
1133
2003
89
1139
1926
1568
1681
559
879
907
520
1735
556
803
557
1069
1834
1530
602
757
88
288
1036
1824
1008
1453
1253
1911
76
1666
503
1154
1190
873
1184
1301
946
336
835
826
1678
1456
829
925
1687
178
1107
1229
1672
1639
607
1729
1622
1007
1147
425
68
38
34
911
1400
1444
279
793
1307
1240
1205
1434
31
524
1586
395
1550
1976
384
1031
1731
1016
1734
1353
1290
1365
1691
849
1199
921
463
1943
635
971
1324
1193
1986
1160
696
1699
1968
1197
1317
751
67
892
1081
1399
1017
1151
1187
1232
1916
1387
1386
1764
1004
809
897
1896
1183
61
75
286
1952
1511
1857
686
1490
453
318
729
1267
547
1734
1846
1200
1244
92
942
1548
129
316
1781
510
503
1889
1476
1973
349
1866
1562
1140
1109
832
179
476
342
1978
883
452
369
1311
1482
1398
1725
1831
1729
1709
712
342
1725
351
366
223
931
748
6
197
157
899
849
720
1711
1619
1838
49
1294
727
1571
1868
165
457
1119
580
258
707
1940
1380
1526
657
1841
757
589
262
1446
123
1502
657
560
1640
68
383
449
302
1053
1661
163
506
809
322
1428
806
1884
174
320
844
459
518
1784
1647
1598
1314
127
595
1619
1902
924
1283
825
354
622
765
1103
996
1781
506
746
852
1440
724
501
1533
1982
369
951
1228
1250
1273
1365
121
1845
194
1199
336
1041
217
235
1900
562
1864
1921
1676
989
1652
189
1818
697
265
311
1488
23
53
314
1548
1068
1985
912
397
1357
1668
342
1186
510
1966
1366
1533
892
290
1025
1272
143
249
959
45
937
143
767
82
64
439
801
1541
1309
904
1071
1593
268
1300
1233
173
1647
1440
1951
855
593
149
1032
1793
1871
1035
1223
1353
1476
1890
1594
1242
1899
66
74
595
1640
63
1152
916
1358
1430
652
376
1351
1463
595
285
1016
436
415
1878
1654
1928
171
1201
1948
14
1117
29
1925
377
37
1019
1876
685
1206
1781
1148
782
1737
622
1118
304
1310
1754
1166
1930
145
516
1463
222
350
1099
1976
1139
1955
628
354
340
1702
1108
240
625
887
1467
116
1844
351
595
1162
2018
1357
98
1367
879
863
1843
1492
981
1080
355
1387
1890
981
1353
1585
423
1952
733
230
1944
1059
1455
499
527
1385
1539
1716
1409
244
357
1203
714
248
2005
2019
1158
1640
282
833
574
1683
1308
1267
1174
1133
896
1875
1782
1405
1517
1512
240
582
1672
1434
1749
1673
714
522
1520
1303
623
235
1576
1843
1196
1917
601
675
1269
1299
492
1942
424
79
1893
937
1581
1794
16
404
946
1387
1467
1384
946
985
1263
1566
1573
772
640
292
280
1156
150
1497
1752
827
1338
1447
1600
1839
1802
616
1932
353
670
1786
1278
1616
1160
1927
1891
1590
1097
607
334
723
1439
81
790
328
1926
1953
771
982
940
1403
336
58
996
1199
775
420
374
287
870
374
1415
1734
652
50
669
489
85
1015
458
1599
364
1549
1909
1856
1390
629
1164
478
1062
2017
1398
1659
822
1293
927
1620
1489
988
1170
1002
1969
908
887
656
47
1092
673
1664
1712
1606
186
120
777
584
448
465
38
1793
1255
544
388
1712
276
1165
1727
817
396
797
1161
1914
1900
1978
802
1516
422
1546
421
233
1764
453
1484
302
181
1759
215
275
1409
1821
559
1760
405
1654
153
1366
1919
1676
1640
719
828
1681
1000
1703
519
1832
1461
1108
589
1900
1835
1054
1111
1283
294
1508
704
1485
1589
318
1183
306
799
1100
1807
604
658
1895
1285
1562
879
1157
138
71
1054
1478
305
1400
1187
594
225
351
904
1343
683
884
1653
1596
168
1316
915
1015
62
1250
729
1708
395
1642
990
1939
300
1248
997
1489
1151
1528
1588
233
1510
1174
1816
1130
483
456
583
1811
260
101
336
1584
1959
700
298
1921
1353
1653
1782
745
493
1466
663
120
275
1319
853
874
1631
54
235
1142
787
1847
1077
239
243
1487
1670
211
264
1412
1060
354
210
1060
1412
1299
1745
1427
320
1384
1803
17
1827
1531
1400
1645
344
1208
22
716
1580
686
839
578
1658
691
780
533
98
1427
1412
461
1110
1803
490
1053
29
1218
1795
585
1900
535
633
1623
980
920
807
904
1129
1223
932
1782
627
706
355
677
1920
119
1753
692
323
1850
1951
999
943
816
1669
1658
1099
504
836
1671
563
216
725
1942
466
919
1223
1431
1437
865
1199
1489
73
1073
568
1550
209
1140
512
1172
877
1498
1172
666
838
827
1888
475
1580
905
46
1529
1065
1609
1034
395
382
1743
633
863
374
732
1229
678
621
1113
190
1543
564
214
1490
1949
1285
200
444
1004
1393
1874
1189
557
1628
1261
388
1215
1667
198
811
669
1239
1635
1054
106
1713
888
1562
748
1097
1003
1471
1018
1864
232
1361
958
807
448
307
503
1338
117
1945
207
1898
1754
736
1230
371
1875
1442
1102
1163
937
553
790
336
552
293
133
1250
494
1649
1305
102
388
456
863
1937
1082
1205
1723
36
1470
1031
1994
1608
1432
32
731
126
17
1792
425
1179
1860
782
880
367
1162
721
1572
50
665
664
535
1121
335
963
779
1682
1708
956
1471
793
1623
209
997
643
1039
1956
925
994
1891
960
325
1480
1320
1197
512
1597
1078
1030
287
832
785
1601
1983
445
1674
302
384
1623
1399
1399
425
1594
1490
1239
1655
1821
1197
9
332
1794
579
1889
1553
762
702
1813
877
957
67
325
1770
762
1246
811
364
928
712
1054
1318
1603
157
1322
1517
452
1890
1737
55
1093
1191
619
1754
652
744
679
1043
1566
162
9
1787
1628
1137
560
846
837
798
723
763
572
1021
918
1349
877
36
353
1081
1605
304
905
716
399
16
1319
269
826
268
1279
1557
251
1678
509
1153
1781
572
1516
866
602
840
1478
983
820
467
1616
1357
372
605
861
15
1157
692
1419
488
979
542
703
1481
1069
1177
825
482
222
917
754
892
833
89
4
270
1555
631
177
1059
1053
1284
1458
1166
1354
2003
1720
1143
1474
1296
297
210
1417
1739
843
273
1712
530
401
1450
1624
871
966
201
1068
303
1867
1921
235
1215
534
627
875
1877
334
1100
296
51
519
1729
834
1266
1622
856
827
1767
483
344
1930
1369
1932
753
1333
1615
1679
131
76
189
411
1682
257
541
650
1379
655
1456
474
198
294
1113
1817
934
323
1413
265
862
829
2023
1375
868
254
397
303
1766
1922
865
1411
1919
804
1650
126
881
505
1283
1350
1626
267
396
1957
144
861
1262
1147
1361
1268
1830
548
1098
2009
1271
1593
1964
766
1118
262
816
428
453
1531
904
1212
1305
816
804
1369
1506
881
1704
228
698
699
1650
1507
1521
1617
708
341
1836
959
405
1839
579
1827
2002
1619
875
1962
845
726
494
230
217
1653
1436
43
68
153
1730
816
1869
394
2000
658
1765
1178
107
306
1527
1363
103
1849
1365
957
1275
1858
1013
1624
1879
1802
1164
475
157
83
627
512
1505
265
795
1133
958
1060
188
896
229
1183
370
1634
419
965
1859
68
937
261
1326
1224
185
1210
625
538
1565
1361
1426
1885
279
424
1656
1786
33
1587
1390
244
1512
329
1520
224
1320
1775
996
229
533
1729
979
1458
1453
1157
1596
647
1140
1220
128
905
1728
510
76
24
297
1181
1516
1369
850
248
633
492
1373
1728
1801
876
1849
1308
401
545
543
1377
837
393
299
1756
1456
1302
280
542
213
1759
488
1732
99
1548
36
232
338
1190
1360
950
1565
463
1794
1787
522
6
1117
879
1251
606
1530
396
1608
1728
1910
605
938
528
1162
693
1668
150
1987
780
1495
1463
719
54
1983
1893
372
662
179
288
693
1367
1577
364
449
139
1155
1236
1365
325
1339
1206
147
1821
368
168
539
1748
1481
631
1441
168
1581
390
134
918
357
51
640
411
1572
852
746
32
914
323
1658
33
652
1081
1137
351
1457
315
977
190
812
1100
398
798
253
1303
1025
446
1497
1931
238
850
81
1685
1974
431
302
1862
697
217
1507
1895
1196
1297
964
1039
1127
307
264
478
1007
219
674
1800
1562
688
1056
976
770
1776
892
1325
480
175
1530
1827
136
1064
1478
1644
1354
1986
414
1836
725
320
1460
1783
1675
1569
2013
379
1534
1827
1727
1002
1245
1572
1367
1547
1616
1383
1957
553
670
575
1394
1109
980
112
1314
1561
781
182
1057
838
510
68
1268
1036
1447
400
250
1645
1968
1509
1733
225
1303
146
1606
1568
1816
67
791
1744
1669
108
589
336
595
777
1163
1513
375
267
1069
1008
1075
1634
1232
380
1094
532
1131
1205
1327
1298
960
1806
1106
376
1023
688
856
1129
1431
626
863
592
1171
773
1934
650
1283
575
783
529
775
1439
1677
1105
1736
731
131
315
705
1037
1420
756
1114
867
1572
1204
1435
1733
1842
15
399
1680
755
831
1468
775
348
1969
1797
849
695
1572
943
1318
171
745
200
221
217
1829
1460
1790
1906
284
751
695
1372
1805
57
1447
411
1870
223
1611
437
1360
83
1782
1464
346
854
10
1337
718
1586
833
884
1319
689
1309
1769
737
1033
128
775
1828
1710
149
1062
50
1346
430
1684
1395
1777
1057
361
1417
1817
1907
1592
180
1382
1293
799
1331
52
447
381
1119
658
982
1094
1754
450
318
491
847
1075
264
1452
777
859
1193
849
325
87
494
2012
486
690
375
1946
1907
1712
311
1026
84
1057
556
1729
1970
843
926
1256
1230
1011
674
455
717
1118
637
1172
471
1467
976
868
1399
1983
700
1511
1230
149
449
767
1982
18
86
492
342
90
750
591
1954
941
1762
1387
192
530
1294
1614
709
893
891
945
1379
782
237
166
1737
1310
142
1750
686
1523
347
322
1892
1573
902
1063
366
396
1813
1047
1940
975
973
1654
220
1246
1285
2005
135
1743
1041
1554
1191
1273
97
1388
790
639
1341
1039
1602
1435
970
1942
1128
1187
1250
1272
1630
85
4
1047
141
333
1696
1194
1425
1066
1964
2001
1647
1786
1837
1136
559
1125
1955
1809
1842
1200
1652
1155
1555
499
1201
686
623
1075
1361
1418
1575
410
1004
1178
176
1395
1374
1794
148
1505
952
1034
1018
639
1907
1995
258
698
1233
1439
178
467
1345
492
1998
1299
1123
885
1478
86
1351
1489
1936
1799
1302
869
481
1779
868
1108
329
1209
515
375
1246
1386
461
23
1370
12
230
580
1845
1443
1962
9
1305
635
176
878
1429
297
1454
474
1782
2003
1802
1808
136
163
1167
443
1215
1622
400
1441
394
774
1
964
685
776
472
1443
68
897
1811
1805
857
1838
502
867
1126
2015
257
398
1013
1108
754
609
1010
62
1088
1936
1768
991
1797
1077
1437
313
1373
834
1048
254
1980
72
327
1816
1352
446
516
74
502
672
1990
950
1995
1978
1030
912
945
923
913
1487
585
2014
692
1559
305
1871
633
1179
254
870
587
118
1654
87
769
1716
1283
533
374
401
135
1321
1577
776
466
1750
1230
856
1401
359
195
508
341
949
867
2012
425
1515
537
1787
1909
1770
647
1076
757
1618
1088
1515
1227
1118
1386
149
256
244
593
365
475
1637
1043
1036
1768
645
1410
1184
1109
1017
943
1653
222
426
1566
540
680
1589
1598
719
892
1091
1236
1791
163
165
1599
759
1359
1303
77
1652
556
481
732
102
738
1577
1580
152
412
1336
612
1217
493
1957
1315
1395
1357
304
1172
605
368
203
994
480
542
97
1332
424
1794
915
933
839
1375
705
629
668
2018
1102
840
1900
663
1609
1651
256
1114
584
67
1365
1686
954
1607
833
1217
1862
1474
306
212
1700
937
1418
1286
679
885
278
228
981
664
1477
559
437
57
1844
498
917
332
172
1464
884
1653
740
698
1007
577
1422
1144
1522
93
26
1652
48
1847
634
1920
303
220
1856
1851
810
1657
1364
1435
313
1539
1147
1320
1234
582
14
702
1349
1877
691
1465
1574
1710
374
1458
948
1483
1409
1390
294
1167
1906
46
40
470
419
244
915
843
717
736
641
297
1753
1079
1078
988
367
173
1597
781
1937
1960
452
224
1896
91
1605
1054
104
1502
499
793
596
1180
159
1723
461
226
1130
1255
1773
1086
288
1859
1891
1254
1771
1940
1859
515
550
289
1173
63
774
1008
545
1773
831
1180
432
46
1708
1960
1307
1677
1321
254
785
1170
1750
981
303
361
517
1932
975
1746
1299
952
183
1986
187
1598
1629
400
976
1731
979
749
1586
1454
767
769
1511
1133
658
871
984
1590
445
1091
468
1029
1893
1353
625
1748
983
1959
2009
484
1622
683
434
880
728
1253
1767
29
581
1970
162
957
1080
1202
732
374
393
891
38
503
111
15
799
1601
134
883
1579
1150
284
174
1271
2007
623
1811
1881
803
1200
216
1849
1790
1606
1086
508
615
335
1557
1860
1645
1562
1937
1621
1928
395
1312
645
1021
282
186
390
1842
200
340
1527
152
621
834
1817
427
138
618
1882
189
328
494
1361
715
1201
709
993
1551
1198
105
1393
1192
869
1481
1064
941
632
1899
1010
406
1941
1740
1836
1371
1383
166
1625
587
290
688
395
536
323
478
1798
871
1974
269
534
1431
139
1245
2004
1632
496
120
935
844
1657
949
1107
1121
468
1510
803
1981
1784
1873
1146
1756
1165
1621
1574
1507
1035
275
290
1387
1732
1337
64
192
1214
1506
206
1590
1367
733
1798
2011
1131
886
539
758
257
700
624
607
1241
896
597
327
1964
1265
14
1492
762
468
1042
87
253
1107
863
1396
634
412
1447
1950
779
1734
958
377
339
435
571
1702
1422
1920
767
1300
592
368
1843
898
1885
1859
182
1954
1193
1516
904
1174
657
1407
877
1007
196
239
211
620
1535
1825
1649
808
974
1059
1405
854
324
1852
1208
1546
1814
362
554
1640
1990
995
523
1438
1651
99
975
1806
707
1068
995
961
1116
614
1202
1849
1842
945
173
145
668
531
65
1723
854
1681
1409
943
678
1904
1875
1430
1914
1486
793
1658
660
1555
1556
1904
1338
314
804
469
180
32
1892
1880
1810
419
827
178
568
1577
1521
744
87
262
1615
638
871
1961
1622
946
549
15
1172
641
1396
1067
1868
1279
1622
239
522
592
1010
716
1320
759
1450
786
1299
704
1136
1369
1284
668
1998
793
108
266
1859
1599
786
1576
1453
1812
1946
180
474
1261
669
1125
966
487
1031
6
1792
624
1850
433
355
1714
1387
1393
539
571
764
754
1361
1847
354
743
1978
257
671
1965
1299
1030
991
1116
706
1622
940
1048
206
1375
369
1741
950
1658
1557
890
1315
942
1742
1407
1021
1720
1718
559
1236
2013
1969
480
1828
1612
1089
1359
1784
1068
1316
1020
1040
371
593
1088
1649
7
1220
659
200
1683
721
629
951
1099
642
233
1269
944
1427
137
1018
833
1861
1588
1670
549
1223
158
272
641
343
311
1534
1444
893
645
721
961
738
230
1316
832
2016
444
204
133
837
179
1523
840
835
945
1383
1825
1384
1366
525
1722
547
1818
110
698
854
1118
518
395
654
1767
1906
1368
1228
1581
1321
1550
1338
1320
617
465
1204
1604
791
689
1457
1188
1108
1938
1075
925
1451
787
1484
1045
1218
1988
1018
1522
1019
372
615
483
796
1021
1247
1150
1937
1459
766
1514
1934
701
287
520
1825
14
1069
1760
44
75
966
383
1954
547
746
117
1126
1301
348
920
1463
1217
1799
1158
1868
1852
215
838
1557
441
2016
1786
1792
337
1947
1431
2007
520
1888
1258
1308
1455
244
393
1048
1919
735
615
1967
542
1489
1795
1665
423
1613
1967
378
600
331
1292
533
962
634
429
1928
915
251
1233
280
547
1799
1505
1696
153
1678
1865
1014
1161
943
1106
923
524
446
1664
978
804
1160
834
1609
173
1017
1931
1726
1560
1892
22
1212
10
1851
1504
1427
519
522
2021
1719
236
770
1031
1973
1866
683
1421
1017
772
1593
322
615
1819
1371
354
836
1545
578
312
1948
1532
1080
1415
1323
30
1774
1799
1755
751
850
1411
927
1714
409
483
1279
1629
462
1106
288
1376
1565
1398
754
1161
1393
142
1037
648
686
104
126
539
356
1945
1072
129
1044
1034
2012
130
1432
1463
780
1178
1522
490
1370
1909
1106
1020
1194
860
1213
1308
1428
1679
1121
1994
1288
316
860
1501
1531
87
30
460
563
443
327
458
1057
1042
221
1990
1583
1823
1252
374
591
1392
1553
48
659
1192
19
1069
1394
1917
494
795
327
1366
828
105
154
1933
1242
257
1998
82
763
944
866
1217
387
169
1574
499
837
1610
827
754
1240
1551
1440
713
1803
1332
1072
1453
1967
721
930
278
557
1312
895
810
1189
1535
94
217
672
1121
1597
297
229
822
260
448
1784
91
1690
40
1153
318
835
1913
1400
431
183
857
210
1027
572
2012
1378
556
1914
1578
919
2012
1390
457
880
897
1921
1695
626
1240
1557
1535
846
778
25
456
1860
1776
1954
1711
125
1181
981
970
1278
156
1309
1694
156
906
1610
945
555
871
2007
1115
204
1273
1008
1142
1124
851
856
611
1127
887
1450
259
123
1412
551
1204
946
617
840
1524
1364
502
1475
350
1817
1693
339
89
1373
821
1606
683
758
1675
829
757
1462
535
1945
1777
1528
1076
1292
612
1757
358
668
1105
121
30
1128
770
1325
1939
1959
1723
302
925
277
1992
1576
1198
1228
269
460
1569
1715
273
1558
832
843
234
541
1056
309
113
687
88
1103
1019
617
476
1214
773
205
249
745
1418
897
878
968
959
1389
1142
1366
1755
1007
1659
1559
1211
752
1351
1766
539
1609
1237
435
1219
1823
1002
46
99
173
191
1714
206
1385
1413
1323
2020
437
1647
387
1108
968
9
1172
1904
1538
149
1358
263
