9999
123
3815
3587
2237
2039
184
586
4502
355
4187
4016
2966
4886
3213
821
1522
1835
2085
605
2977
4592
38
1261
2910
995
1084
845
4803
2959
4679
1408
4960
4287
3567
1950
2860
3984
851
439
1340
1961
3913
430
3923
2751
4192
282
1234
3453
4821
2347
3457
3350
3348
2235
2441
4035
3256
4528
619
2308
3530
2398
2810
831
2467
216
3662
968
995
535
3217
3685
407
4885
843
1961
798
2025
1789
2359
4804
2925
1331
1943
4097
4923
4941
629
3125
3694
3446
1136
2829
55
2560
468
3515
3533
4159
4817
1733
887
2746
1589
2451
3242
1690
561
1169
1954
4324
3712
3725
2002
4734
3125
4124
2060
4202
2661
4493
3896
3407
4862
380
2802
1645
154
4207
892
1136
2757
832
2105
4714
3105
2856
1010
4673
758
4976
132
4405
1308
3298
3968
3368
3830
4682
1518
4253
1634
3469
4375
1919
4826
1490
4721
252
1824
881
3
4066
3991
2373
4514
3571
941
1203
1269
3514
1929
3876
3847
244
3299
3063
4485
4813
2709
1018
3329
3396
788
4835
2061
1523
1720
3570
4810
2318
3235
2165
1699
1556
2146
461
2481
4985
749
1100
2070
4159
1716
224
3938
2704
4153
4696
3583
896
508
1018
1529
1684
4073
4195
2123
275
810
4958
3464
785
1385
1853
913
1077
3236
3089
2052
4454
1633
4518
3493
4342
2511
3615
4144
1841
1106
4393
1716
1853
2267
4093
2559
430
1802
2997
3345
630
159
1261
2747
428
3289
391
317
2315
2358
2009
3024
1614
4177
4114
668
3342
2751
1364
2672
1177
2401
437
2518
3670
1463
2379
4903
4432
3535
4272
3219
4768
306
219
2607
1414
959
927
3385
140
830
1084
4273
3460
317
4366
685
619
23
2000
5000
3675
2463
3521
2812
4456
36
2355
2922
1600
4488
4689
3091
133
1798
3578
2659
1924
2539
73
3069
4520
1935
3030
979
3726
1953
8
3885
2344
3579
2203
479
1075
412
4188
2799
3934
4571
1875
1157
696
2698
608
1811
4960
4232
931
4462
4796
675
2603
1874
658
3217
89
663
4069
935
2942
1407
2151
2342
509
1428
3844
1147
1421
4969
3751
2950
2618
246
4270
4802
2857
4612
1675
374
4377
3682
3206
3635
1526
92
4396
3155
4523
1999
3515
1392
1127
3422
3886
2166
3116
4230
4873
4711
2387
4834
3607
2556
4993
3478
3278
886
1108
1100
1456
4602
2863
776
3669
3229
1993
22
57
4603
1966
4394
1999
3497
4309
2121
1611
4489
3611
722
1578
1794
409
1063
3483
1590
4215
2319
4740
3649
1901
96
4155
3551
3885
1787
1048
4433
3863
3502
977
1556
4541
11
1324
516
954
2131
3339
1011
4386
91
3389
427
1386
1840
4203
2367
481
527
4393
4685
4883
982
1344
4083
4950
4038
2127
4072
3102
2079
1325
3932
743
3347
937
3139
4219
1336
3913
4982
4422
1117
2938
319
1930
4595
4446
4788
228
53
1470
1795
2821
567
3350
1080
1805
1126
3874
4180
1659
4612
3178
990
1822
3787
1223
160
2529
2434
4931
1662
4972
554
1393
4430
3381
2943
4091
487
4154
2877
1201
572
556
2357
3881
1571
4499
1265
4751
509
3801
2398
1959
4321
1751
3602
3908
4286
3784
2638
1887
1305
1065
3425
1544
1706
138
2391
3730
1202
3655
2101
3495
4755
848
1131
1097
299
2397
302
781
1046
293
4918
3527
3410
1922
2186
4536
276
4887
1627
1233
90
63
2965
3131
4419
898
3837
1302
88
4575
2426
82
4290
1445
1693
4472
369
3917
1414
1594
3513
3327
3897
3942
3652
513
1855
3537
3514
318
4830
3114
2916
388
3653
4939
2900
2903
4429
3887
1137
1230
2140
2881
2525
4021
745
1387
2389
1806
2032
4012
4833
93
4881
1198
4926
2209
1330
905
1654
3033
767
4492
1763
2632
629
1069
1338
2053
3601
4994
1905
28
4067
3650
3743
3099
3731
4037
932
3283
2302
2111
4140
4229
1498
4225
4276
1187
2274
3364
127
660
1957
1519
1434
4031
3199
1087
914
187
3970
4857
4297
301
4641
1243
645
1330
1708
2866
1000
3543
668
2941
960
567
1569
2663
1983
393
510
3706
874
939
2421
3207
1672
2329
4858
4418
3779
2991
3855
1473
4639
3808
3241
2007
3668
4193
994
4602
213
1843
2767
1864
3355
50
1926
4588
2346
2621
4295
2865
659
4388
597
3560
4213
2091
2912
3147
4858
4681
2587
1825
4301
2510
2628
1894
1152
3541
2433
1450
3398
4543
4899
2164
1505
2320
4636
404
3979
916
2873
3374
2609
4794
3847
1241
3626
3505
4118
1096
2033
3932
2795
4092
4545
2057
4063
4700
3918
4703
421
3442
427
3094
2721
391
2755
2513
1871
3957
2999
2112
1135
4949
270
1424
216
2271
2348
3651
2677
890
4911
3562
4431
4529
1443
1969
1477
4550
2050
891
1737
237
3203
4956
3837
4353
3566
3582
1276
475
142
3967
3996
2803
4443
1009
635
344
139
4825
446
2677
2698
756
81
3733
2154
3304
1347
791
4717
2678
4148
3506
1928
3023
85
1325
4658
4577
1955
4208
3699
997
1844
3869
1108
3562
805
1159
356
1182
4963
1617
3184
4239
4770
3861
4935
4495
4200
4462
2106
1457
2203
617
2495
1072
4128
465
3404
100
3931
1155
1845
2180
1656
4407
4460
4527
2215
2257
400
1634
1981
576
1760
626
771
3872
1480
3977
1349
4347
3181
2998
1312
3201
165
2622
4481
4691
3937
1281
2008
4737
4312
4363
518
4919
1991
3596
4757
3142
1217
3820
3220
4282
574
4706
4586
4601
4822
4775
2413
631
2875
2204
2002
261
3187
4199
3252
3676
3292
2089
1260
4302
1194
2477
684
31
4596
2004
4875
734
106
4519
2490
747
1950
2128
1115
3608
3302
2400
2484
3717
653
2724
410
4826
2950
1817
368
352
1149
4978
1389
2788
424
4236
2128
2701
1491
1185
2699
794
646
518
442
14
4277
103
2338
2865
3734
2210
2289
3319
3102
4134
656
2906
955
987
3314
2623
2167
1374
2589
655
2814
2403
1023
2273
2103
2305
4103
4383
474
3900
4606
2703
2818
2344
690
1541
3710
1806
1679
2908
4179
4622
4010
2471
2310
1711
3803
1124
3452
4321
3213
1774
501
3496
4526
3475
2804
1452
2545
1471
1623
2813
4544
122
6
1371
3055
2905
1827
3727
4241
3792
2553
654
4355
4152
4033
2985
2859
1062
3353
3218
3764
4117
1664
936
4312
1430
3277
2207
4546
118
3809
2649
3732
4033
4562
249
2479
4337
4006
1116
4595
3973
3908
2714
3167
868
2100
246
770
4266
126
2144
2769
2732
4055
4230
4969
148
3464
504
4507
3035
3821
2390
1759
1532
1599
2182
237
800
3860
1470
1386
3975
2544
3865
1163
2650
4087
4069
3183
3303
986
2983
1837
923
4958
125
985
2481
4131
613
4318
2124
643
2025
3489
3303
2482
1949
3611
3058
4179
2232
1293
3624
3082
2555
3279
155
30
1119
4278
2733
4474
3707
4300
3412
2886
3984
2864
231
3924
4635
4201
2514
3000
1630
3122
351
3118
634
3976
2066
3633
964
298
2069
941
4304
1951
4385
389
4684
410
211
3922
2820
1341
761
162
1016
737
2420
682
3538
1649
885
393
445
2648
328
3805
3597
4116
3636
495
1151
4535
2771
1145
2765
1543
2929
1281
4590
3308
1476
2507
594
4250
458
721
4064
1074
57
3346
1554
2969
2412
3550
3808
2844
772
2625
3944
4409
597
4531
1033
2592
4869
962
1442
2285
580
3672
494
84
3661
3501
3186
4441
4055
1916
1362
4447
3379
4848
2909
4318
4701
3962
669
4257
325
2661
3060
10
4839
4458
3155
3896
1298
4342
4874
4901
4984
2517
4003
3503
3336
1718
2764
495
3817
2636
2469
2780
2166
3111
4625
2745
54
612
2846
574
613
1680
4140
1183
647
3920
2150
1947
4663
515
3555
1090
814
3767
2695
991
2258
4783
3620
901
1629
92
1596
464
1373
1183
3912
716
3100
496
1375
660
1002
4898
3361
4262
4638
4552
378
654
1395
5
34
4716
764
1593
4780
2498
173
2408
614
3861
2438
4068
2928
4579
4145
3953
2098
2043
3473
3665
3906
3666
1761
4084
1056
1083
175
2641
1565
3804
2256
2736
3432
1913
4851
3802
4001
3133
591
598
1197
2584
3062
638
1257
2694
2004
1173
3716
1818
1260
2707
3634
747
2197
3423
517
1547
3222
4379
3547
3927
4655
786
2485
3095
1840
2567
2400
4341
3434
801
3719
1436
4793
3375
3415
3739
1877
4658
2286
3750
3443
80
817
1561
2779
1620
3435
4515
115
2211
595
558
1499
1024
2925
1626
3048
1357
611
2263
3414
2058
2491
99
4286
1139
1373
1650
2341
820
4439
1677
3810
4328
2385
4725
1896
862
944
2857
326
2539
4896
1310
3049
4188
2996
3371
1036
3305
3499
4041
4074
728
1006
2530
4866
4727
1704
1846
1401
4721
1946
1966
1552
4558
2668
587
4120
4020
3293
2427
4745
4519
3241
2278
3931
3489
366
418
178
1576
4570
4326
1654
2011
1290
4150
3007
1149
4418
493
904
4272
351
710
4870
4605
1429
2418
3191
72
1636
2579
3703
2010
4944
3909
30
3849
1351
110
4681
492
983
2212
1008
2026
2540
1137
215
2775
2958
3324
273
2224
279
2188
1446
55
895
4391
1154
1037
3539
2052
232
1247
3653
2888
353
2872
1583
975
3833
3173
1861
4890
3518
824
3017
651
797
4057
4512
1257
1977
4683
4713
790
4376
1380
3827
168
1660
4283
3025
850
4008
87
3333
3309
3064
1931
1221
1748
4819
1925
2709
3544
3083
1425
847
984
194
1538
2110
447
2287
502
2536
1894
4184
494
2516
3520
4799
2963
1987
2741
3097
3805
95
4365
3549
416
3273
1809
3366
4716
2742
2543
4459
908
1070
4971
4175
812
3994
858
276
4281
4719
1091
1880
3981
127
638
2466
2811
3341
2260
1941
3656
705
2115
4804
2571
2685
1774
3310
3680
4620
2226
3798
4997
472
2074
2742
1968
669
4669
1994
3130
3563
1729
920
1013
2453
4404
4848
4605
2028
3000
4630
3604
2222
304
1231
2118
4685
1382
3443
4465
377
3411
1082
1138
2919
4174
2155
3614
4901
938
2210
2267
4654
732
1916
3507
540
196
650
2524
2682
1591
1537
2611
1383
4398
1577
1209
2054
4631
3914
1990
3437
3601
3529
3990
2654
3014
2139
4672
7
3193
4102
3082
3030
1538
3998
3460
1437
988
4853
1982
2919
59
4004
3813
2156
2957
2697
1742
2784
346
179
4301
4222
1359
1285
1030
2551
2519
2283
1321
128
1670
371
2216
1110
4006
727
4423
949
1914
2416
4660
2005
3989
256
3494
1259
2701
3444
3392
3845
2407
573
1808
1061
1945
3072
109
3587
3282
1304
2327
3877
2694
725
1772
2501
2974
2726
637
1610
4339
3144
3937
2038
477
402
3106
3639
3043
1200
3774
4572
3205
2931
3679
372
1968
1619
764
4754
603
1745
3717
2242
4964
2855
1986
3250
3002
203
2949
4390
3319
611
1729
470
4664
354
4714
4908
974
484
585
996
1164
2896
2249
3079
288
2492
335
3074
209
3011
1475
3363
261
1790
1669
1071
2231
3736
3723
4533
919
560
1903
3893
3872
3787
4856
32
3964
1283
2872
2685
4238
1796
2339
2874
2578
2427
120
3719
3681
1793
111
536
688
3188
3198
16
1984
1365
2419
702
3903
3689
1296
4879
183
1823
3086
3245
1768
1702
4315
240
4580
628
3357
1142
1746
642
4644
3902
1779
3135
1157
3228
2425
2851
2565
4136
4336
47
217
1028
3866
1591
2245
1697
314
4445
792
3263
3867
3709
1086
690
950
4023
3737
2486
3176
3538
907
3765
2521
2309
4126
1835
2752
4395
2387
3643
3431
887
741
2796
2277
3004
2570
282
2790
3890
4733
2504
2426
4346
2552
1938
1113
4257
4172
2793
3373
2062
448
2957
2280
4821
2167
2612
4247
569
4411
370
515
2770
1194
4062
1460
2068
4449
1976
4855
3677
3480
2194
4038
1868
3875
3702
4852
4242
1125
3034
4034
2624
4341
2816
1861
3052
2075
4512
4071
2463
3201
3663
2496
4898
3156
4426
1358
938
2304
4145
2819
2708
3440
2266
2261
4079
4915
2174
1346
4760
2373
4707
4621
4428
2796
3623
2650
3568
4709
2406
2989
3408
715
2420
4065
548
4053
460
4186
847
135
312
4797
2429
191
2634
1092
4674
4784
2007
2558
1918
1353
2019
4299
1055
4197
4802
4845
3065
2839
2214
145
3841
731
462
2600
1210
2337
3224
864
3705
2121
2331
870
1354
3128
1506
1663
2706
4334
1881
104
408
1383
3853
1303
4102
3020
1107
2458
227
963
3623
2767
292
1236
1833
580
4983
4215
1812
3170
4283
507
2699
1904
149
2597
2114
2614
3221
691
1605
3003
3957
798
3302
943
3589
4397
1956
3423
2006
4306
3316
3870
4374
1488
3390
2978
191
4113
1996
3274
1219
3521
1664
566
2580
156
1842
4172
1888
223
906
4968
1565
3075
4631
3692
4198
1417
4575
1466
2858
1898
159
1509
2700
1513
2626
2759
1824
4039
3038
40
1833
2132
2200
2520
1865
709
3447
2923
1701
1777
348
1101
3703
3962
3967
2238
2884
2506
2547
3458
2671
343
828
1273
901
389
3456
189
4818
84
4045
569
4581
2596
181
3863
3866
1174
2118
674
1138
1346
2041
4943
52
136
96
457
791
1279
2737
641
1907
812
4913
373
2975
3589
1683
1314
3904
4773
1668
3982
2417
2046
2067
3208
2871
146
1819
744
1099
3141
1210
2591
396
523
2243
4168
4041
1385
1738
1935
153
2508
693
2879
4384
2855
1898
3637
2015
2586
2711
1525
3481
758
4474
2885
820
877
2302
1883
3144
3320
1001
2395
4024
1447
4268
3345
4163
1133
3612
1979
2590
2937
431
287
3712
4506
4264
3362
1704
2338
2399
1180
2588
2573
4725
782
618
4480
178
4724
2682
4184
2445
3458
1213
4679
1830
339
4465
4028
929
1992
978
4624
3753
1387
3903
4891
2386
1112
3126
63
3254
4791
2183
4763
3722
4987
1015
3954
4735
826
2844
739
2095
1515
2966
354
3606
4599
2749
1422
4872
449
4811
4772
808
4698
2169
4075
3149
1031
2057
264
1420
2374
331
2133
2144
1551
4420
1186
83
1392
2684
4174
3394
134
4
4278
930
2116
4138
4373
3907
2604
2804
3862
4060
4233
640
413
3826
4108
415
1440
4376
2351
961
3330
2959
3335
197
2679
1394
3337
930
2822
4884
3399
776
4795
1995
3268
882
366
623
21
3193
334
4914
564
2831
4451
2059
3947
4786
2333
4966
2164
1171
4513
4176
1933
123
885
3992
1116
4860
189
2791
4476
2594
4702
757
4747
2554
1830
3702
733
4020
2515
634
2729
4820
1544
2198
3495
245
3983
2803
4125
4290
4062
4147
1024
3397
2763
1934
3456
4854
527
1000
717
817
4909
3373
1897
1494
1146
2070
1318
1206
760
112
2345
4544
3925
2127
692
2061
1448
4861
2563
1211
120
664
1586
260
600
4291
3772
3386
222
2923
436
4571
3275
3828
1884
64
1837
1155
1154
1628
1912
2791
2434
3878
935
1486
3037
1251
4128
483
3894
275
4705
3690
1230
4634
4666
4627
4288
4809
4927
3930
4156
4964
3224
134
3777
2348
1441
4731
2049
2625
3459
2540
1089
97
1013
2548
3029
843
143
3470
1549
2843
632
146
67
401
562
1514
1314
4087
4718
534
1054
4553
2104
180
3834
702
2461
1495
2056
1576
4850
571
2301
29
4214
4812
4473
3648
1995
865
2667
2106
3148
308
2423
2294
4580
359
530
1569
695
3539
651
4563
236
4160
1816
309
2221
4500
2595
230
4990
3100
872
185
994
2384
4314
1012
2848
1562
3037
1602
3818
4693
1343
4259
1964
4700
4089
4406
1252
2455
4035
1055
1508
906
2775
1121
365
881
451
625
2063
4399
4501
399
3605
4683
4836
1524
1417
349
2371
2921
2736
395
1368
1524
4407
3696
333
2318
2401
1428
1717
35
2509
1315
3040
1334
4610
2843
2232
1396
3985
3656
3474
218
4311
4194
692
2807
3738
4212
4351
272
3680
2495
4415
1134
4576
1903
4225
4566
4043
542
198
4274
911
1040
1053
3785
4937
2613
4244
2406
4416
4005
220
1644
3203
2671
872
3905
876
728
1115
1005
1723
2809
602
4309
4042
3179
3856
3883
2104
2792
113
1340
2265
529
4117
1178
492
4951
1763
912
1754
4754
3792
199
2020
176
171
856
553
1717
656
627
4401
81
4692
4745
2093
992
4503
2745
4209
1902
107
3182
1078
1641
2740
3684
3661
2854
3015
2158
4112
103
4594
207
3043
2173
905
3949
980
3249
2248
3582
3471
3628
4975
594
4045
543
4331
3343
3348
3146
4187
3009
2135
2039
2608
1511
3561
2713
3526
714
2620
835
4328
762
2018
3058
1635
3959
2303
3054
500
1793
3378
751
1891
3959
3800
1248
559
3042
1205
3820
3216
2615
2581
1253
3028
1044
4072
1789
2718
921
3285
325
1657
2079
225
3137
2473
4618
922
457
187
957
1901
2190
4330
1545
3006
3759
3893
1109
3310
4151
754
1985
1474
4463
3077
1849
933
4910
4485
1887
4734
3557
2097
1580
3518
2065
514
2506
3284
3134
4154
1275
1041
1911
3951
1734
1459
3163
1957
2307
3790
4817
1209
1077
2819
857
2335
4656
4078
2375
715
4030
1377
2834
1967
578
383
2092
1102
3791
1846
4667
2453
2494
3454
1874
1517
3244
2326
2588
603
4611
4299
4911
2889
1997
73
3531
622
3098
4498
2450
4986
2669
925
4483
2444
768
1246
3796
2428
1174
889
1358
729
626
3576
3956
2000
4245
1462
4256
4322
4181
1686
4445
1413
4205
1568
303
4103
4764
1429
3429
919
2088
4842
2250
78
3668
3618
4111
2725
1483
4424
3509
2094
2496
3745
3819
60
1355
64
307
4320
550
3445
736
908
4505
4552
3365
3569
2748
3261
2040
2343
1618
641
1091
4092
1295
771
4587
2392
3250
2955
1342
2221
3614
2838
3974
4388
526
357
2010
3136
4933
2349
206
3134
1981
3154
4414
2175
4260
2528
2435
4470
2606
539
953
1956
3775
4508
1895
71
1317
4231
1975
949
2623
4310
4381
3976
4559
177
3209
4253
4363
1695
2731
4362
601
4847
2714
3447
2547
2962
2199
1099
1550
3168
950
3812
1757
1300
670
1073
4616
4843
4651
886
2016
265
2328
4240
4510
3528
579
3
1005
1753
1915
1688
1356
2583
1771
329
3204
773
4133
3599
2433
2283
1543
815
4542
2094
3832
3519
214
678
3406
3548
576
408
3730
889
4016
476
4044
891
3616
2443
3918
1832
4494
4456
662
2077
2076
3451
115
4216
1307
3714
4840
4822
4010
2976
2531
3848
1232
1490
4792
3724
268
3595
2841
4447
1769
1273
1468
2393
4977
485
2352
2308
1828
2099
4057
987
82
1977
1419
3763
3911
1239
252
2389
2145
1784
1869
3086
4210
3650
864
3987
1289
4022
1674
2628
979
2538
4075
4212
896
3450
3353
3061
2768
1067
4717
1694
685
164
2235
1066
1513
2568
1560
129
2197
1876
3752
3103
4165
4432
3346
4435
1119
322
6
1979
3400
3444
248
1370
4590
2918
4635
4594
4053
4185
2109
4730
983
877
4258
4478
828
2992
4688
4760
3417
4339
2178
3367
754
512
3630
379
4499
50
805
915
1255
3827
3578
3021
1648
1670
4040
1052
2644
2157
4922
1964
3980
1462
3591
4792
118
2304
3663
2222
3092
1318
1963
521
3986
1633
2717
4796
1181
734
1193
1159
4359
4711
542
1609
965
3667
2414
748
4317
2713
3396
3773
3428
3330
3646
2090
4876
3852
1914
3938
1296
1306
532
3814
2599
2835
3754
1062
2083
3883
3388
4224
3010
2684
2799
1710
4270
1785
394
4680
2490
1394
230
2777
583
3288
3545
4660
648
2148
2653
1693
4968
4694
3999
2440
4461
1143
1290
2464
1801
167
1958
506
2687
1788
2670
2847
2159
1899
3859
1148
3632
3858
3295
4436
2067
2034
544
3868
1076
869
4279
826
4938
3455
2665
1021
4652
2165
291
2934
3852
602
1575
1815
3451
1741
3066
2658
385
4738
1170
288
74
2090
1427
836
931
347
2095
1068
1777
109
1128
1845
4167
1580
1079
3107
273
4941
1452
309
4649
3196
3208
3818
2637
3713
3053
4967
2501
1165
1243
2243
2478
3943
3237
3543
708
2147
3403
2584
3675
4904
2930
3312
1842
3585
4292
4157
3969
2480
2890
3296
3846
2486
444
3289
3448
3947
1863
3066
1
2960
3678
3772
4772
589
1637
1176
3215
3272
3169
807
925
1951
3012
4545
3090
4178
4161
4419
360
1249
41
4891
1399
1331
1559
4840
3016
4693
4034
4769
4063
2945
3524
3379
1497
4659
2949
2136
3438
937
2944
4468
1171
2689
4766
3334
1972
4101
2105
918
3926
1854
2334
1570
322
4607
1391
3476
2290
4855
304
292
1804
1882
440
295
3152
1473
4844
4153
3311
2759
3677
2201
2415
3453
2439
4028
4307
4382
144
1313
865
1356
1540
2068
2836
4449
4722
1698
2728
3390
58
2372
174
2498
3185
536
4438
4000
2730
2781
4574
4932
3301
2469
1457
3718
3890
3484
172
3524
4080
959
141
1647
4061
4798
4948
3477
1715
2893
2662
1160
4816
4125
102
3910
3761
4529
700
12
3682
4937
3158
1848
701
2798
3547
1782
4082
1007
2295
4666
3576
2475
2399
2468
26
3268
4618
1578
1029
1533
4104
2601
3928
2281
3383
4246
2351
590
1299
4561
1595
2317
3961
4497
895
2366
4775
3200
609
3079
41
4351
2141
3113
1522
2543
4260
4306
4892
48
4132
2884
4728
3951
3007
539
166
848
1320
200
2537
1642
2706
2931
4807
3791
4799
2900
3022
4736
4494
2508
4434
4459
386
3651
4945
2442
2471
3067
2365
3930
1279
2738
199
967
3409
1391
4254
2743
3621
3254
2632
3189
733
1263
849
3418
2980
1675
2869
2027
980
330
413
1011
1767
722
2639
1192
2680
1548
4615
303
1810
2675
1057
2617
640
154
2295
961
2642
3638
4551
2154
3871
4762
1332
49
305
1336
2897
1890
137
624
1673
2710
1978
3161
4025
652
4606
4506
2542
4878
1103
2470
2673
3982
323
1681
840
2652
2889
4551
226
70
4281
3529
4493
3402
520
3840
2788
3625
766
2947
4078
4773
1438
250
3928
2769
3073
4349
1056
3255
2705
24
3306
3032
4976
2544
2822
1555
4682
4530
686
2284
1455
4785
3753
2174
396
854
4151
4402
2726
2315
232
2246
3437
2932
3867
2230
3886
151
3654
1189
2102
4175
1698
2776
374
2206
2120
1759
4954
257
444
4149
1465
4308
4642
789
4001
491
4915
2291
2038
4554
3126
4111
2744
4285
4747
4280
1843
1300
4344
3132
2370
2593
4047
2299
4489
857
3070
270
3556
3069
1345
1574
1485
2120
1621
586
236
1073
3880
398
1262
1242
204
2248
3954
2169
3736
2244
3137
4833
112
4619
481
3342
3921
3548
425
1733
3674
3836
4124
3894
1153
4811
2107
2337
519
2451
926
4709
551
4888
4776
2691
155
106
2196
204
2392
425
2346
2339
1507
4498
1140
1238
249
3508
2965
2143
1546
2971
4889
1321
4735
3678
4340
3384
956
2292
1002
3534
2782
105
2569
2689
17
724
3869
3164
2823
984
741
98
59
1212
4779
4476
1764
4995
4204
3749
1151
2048
1244
1940
4992
3500
2797
166
4389
2313
2336
411
3862
1959
4171
1841
2110
1226
1948
4490
3828
1153
1705
806
1451
2457
1501
1339
1889
4110
1264
3412
19
863
2535
4177
3985
713
3577
4135
1587
2757
1412
1423
3773
465
277
3002
541
1059
319
4892
1523
1734
3416
3475
4274
3114
1533
4584
2753
1382
3257
3223
2655
3793
1920
1112
3732
3172
1228
565
3617
1801
3084
2370
1625
336
749
4350
4803
748
1478
3698
382
4970
157
4996
2989
4346
186
2915
281
3117
724
916
220
2520
2219
4702
3179
4429
4967
3895
810
783
1341
2727
251
426
4703
1826
4259
3953
4324
2251
3629
3484
2036
4923
3724
2763
163
2792
3762
2992
2244
1905
1102
2532
3757
2933
3318
3151
2446
3642
1487
142
4392
1500
1691
2163
2298
1286
4598
859
4767
1795
1888
1238
3983
4054
981
3479
4738
4928
2651
3554
3711
3230
4636
3020
113
1038
3262
879
4354
4756
1139
2139
3239
104
3607
3152
546
375
1743
3855
1877
258
3307
3340
1187
2228
150
3502
2958
2667
3093
2894
1564
568
3145
1027
3716
1301
833
1156
1240
635
4303
623
4815
1611
4391
338
3107
1975
4113
2787
2805
4482
3879
2226
2112
663
2523
2316
1628
4442
4540
3101
2013
2728
254
1192
4369
1120
1762
2747
1308
4930
4522
79
2692
945
4448
4896
1582
571
1162
4610
2956
3275
3485
1213
3211
3923
3001
2737
3556
2207
4768
3708
4500
910
4440
4668
4726
2024
2820
599
151
443
3194
973
4981
3430
3508
1342
4400
4026
4560
3376
4507
2173
360
2323
3854
1323
2272
1852
4032
2436
4825
1998
1936
4921
1025
3776
3372
4137
3463
1128
2876
3031
878
4850
1147
3672
1655
932
455
4213
2087
1416
1767
2328
4852
2272
2914
723
2928
4975
4492
819
898
1114
823
3625
3197
3892
23
4917
1688
17
1088
94
757
681
1875
1758
1597
1007
1453
1579
3297
114
4313
4130
1598
4497
1955
497
658
3619
2739
4917
1947
2542
4019
1378
3023
3748
3419
1277
1491
3099
4797
45
4048
4427
1375
161
4765
2405
3901
1960
721
1287
2161
2062
2237
3067
2744
1360
1668
3490
4308
3690
3269
3005
2199
1553
2513
4378
384
3684
4402
3019
572
4547
2340
4416
998
3498
3881
708
2014
4440
75
208
1085
1665
963
875
417
1503
435
593
2942
2313
4558
2310
4019
2643
3366
287
4854
650
543
267
1800
2409
2880
376
3998
1684
4129
1436
4031
402
1653
4032
2474
2168
3825
1497
296
4434
1572
4690
3929
2536
3166
3441
1720
466
3416
4377
1317
2664
131
3960
829
297
4800
3647
498
3380
2269
522
280
165
1455
2312
234
4282
4040
2431
1559
2877
4728
2045
4231
2214
1271
264
3180
4249
65
1146
2289
4947
443
3196
3359
193
294
1096
3632
1962
4199
711
2649
2041
4090
4561
2452
2612
3584
1563
2849
4672
4443
1568
253
2518
339
4691
4568
827
942
818
1350
2629
4254
3676
2610
342
1075
4814
976
3864
1440
290
1245
2898
442
2461
3316
2566
3158
1585
657
3129
3461
4058
1641
799
1284
4047
4953
2031
4210
241
4945
2565
1655
1092
974
3554
4583
2692
1496
1418
3796
2527
1141
4965
4471
3227
3124
4094
4332
2445
3198
4121
1224
3581
1459
2530
387
2146
644
144
1254
2187
4624
1160
4464
4223
4645
1726
3496
2484
582
3940
3065
2117
3242
4939
4246
850
4237
3758
2786
4049
2231
1982
563
4671
4996
4224
420
56
1291
388
4859
301
476
2981
266
1932
4472
1623
3904
3055
620
2424
445
1367
1039
2535
680
3997
1166
1648
3507
455
2690
4643
3369
3071
2355
4951
2656
4989
2669
2945
4294
2365
3087
1535
3287
2995
2012
3044
332
1736
4986
4805
801
3714
3283
4524
1208
2071
2676
2149
883
4671
4173
1310
2899
1322
3664
1639
2066
689
4742
4371
2276
2037
4298
1511
1907
4623
673
4578
2297
4678
3181
4333
2932
2343
3700
2846
211
1343
735
4890
4463
3516
3143
2806
356
107
2191
743
2541
46
2228
4699
1463
772
671
4585
3408
3999
1042
4732
3813
4791
2892
4569
4704
2263
3147
4074
1862
284
4293
3639
4319
4189
607
4421
2896
2778
3274
2947
2014
2657
793
2627
3296
3631
684
327
3436
2939
3329
3105
644
4528
4574
4241
432
614
3770
2642
4661
69
4263
3695
3559
2056
70
1311
4265
2424
3285
2961
2382
286
4651
280
972
671
1177
3415
838
162
2795
3354
9
3096
3871
4764
3775
3526
2782
4654
1467
1839
1360
1188
2497
376
1404
1976
1773
3312
1270
3835
2297
763
4271
3449
2863
447
4789
4753
2149
2986
1398
1754
4607
1752
3332
4946
4373
1458
4761
3269
4997
3150
2449
419
235
4343
3094
2186
4048
2245
1461
4052
478
2241
1481
2394
4920
4984
488
2606
4853
1971
768
4352
681
2080
1870
1053
34
2562
300
835
244
2522
3960
452
4189
3760
4234
3991
1624
3737
2296
4378
3634
3288
3291
259
4196
897
1766
176
4003
1721
4786
2359
4068
2525
398
2531
566
2423
2429
1190
3098
4070
2924
2225
4235
4647
943
1700
4221
3320
4847
3050
3264
267
2047
4320
4878
3644
4743
3171
1810
4946
2622
2774
3560
3592
4598
4814
2472
922
2798
2924
1813
3674
4104
1613
3127
1566
2157
1285
725
2281
51
1422
2891
533
4115
3340
4268
3603
3987
2973
2421
2776
2412
1915
1599
2138
4732
1263
1519
4566
4408
1292
712
2836
4652
2299
3963
1038
1882
3068
3594
3553
1592
3889
2290
346
205
1927
1333
2916
3434
2600
121
4287
469
750
2988
2690
2086
3481
316
4942
3877
3038
903
4615
2577
363
1796
4209
4436
1714
4849
2952
3575
4099
4084
3180
514
177
3740
1023
3129
4058
2472
4648
4495
3446
269
387
1618
4422
1776
3035
1130
4662
1237
642
784
1014
705
3223
217
4978
4106
2021
4706
1354
329
1871
4921
4356
1181
117
4818
1525
4895
207
2645
1586
710
4719
1661
3988
546
3558
4650
4837
2096
1652
433
3701
58
1377
1150
4661
1164
4692
1465
3916
3148
2325
3851
2270
765
3966
4305
1214
2213
2275
3540
904
752
89
996
1250
3169
4251
2193
556
2305
179
3665
1035
538
4629
548
2354
4108
4009
2755
2422
60
1225
1880
1609
1485
1697
3097
1689
958
2845
4953
4568
1247
1316
631
942
4934
20
2686
3902
4749
593
2368
530
1468
196
1268
4882
4730
4750
429
4258
4864
4807
2646
3034
4049
4942
3130
3160
4677
1643
1930
1437
1172
4993
1229
1397
1381
1829
2679
1800
321
3975
605
813
823
4201
1567
2715
3766
3919
3599
318
3988
4471
2369
779
2380
4576
588
2030
590
2631
2700
2842
4380
3036
124
2534
4591
1277
1315
4473
4831
4639
4856
116
4014
3510
1512
3742
3343
3462
2771
3853
4966
384
3721
976
3429
2556
4628
1732
2268
4940
3491
3921
1652
1897
2419
3490
2270
2449
1045
2476
1552
2807
4219
665
1566
4541
4733
617
4267
742
43
1669
3472
2826
313
111
1113
1506
954
2256
1594
1004
3243
4723
145
1632
3642
1353
2205
4601
1770
1606
2586
2411
1178
72
2152
4021
3786
4777
1927
4897
1348
3024
939
3461
4805
2051
2891
1484
1161
1713
1098
1065
168
1274
459
4914
1185
4467
2936
1374
1047
1225
152
171
1886
802
1921
1613
2693
263
1453
1051
667
4600
1220
506
1829
3344
2239
1629
4397
1435
2938
2723
4438
528
3622
1117
4431
3162
1224
2569
340
1361
31
1812
581
473
2826
2321
4013
3227
2840
3246
3472
3398
2236
1997
816
1827
4302
3325
3156
951
3265
4743
1289
1683
2383
3252
1831
46
2551
2360
3729
2425
1397
1816
780
3142
829
1989
4841
3907
2044
1608
4785
2611
1176
2610
4132
423
2282
1478
1505
3016
3641
816
2716
25
1493
519
2402
2386
2779
3229
32
4439
3952
135
2428
2961
3459
1503
3806
1878
2415
2883
4216
4880
2162
1424
815
1510
4669
2631
15
4712
2514
4701
2574
1627
3162
3291
946
2116
1764
3365
3251
3247
343
3112
3590
3500
4697
3657
3769
2084
3708
2927
1852
4446
2356
2422
2906
262
890
809
2156
1913
3026
3873
4859
3783
3394
4536
3153
1479
871
212
2027
1730
1742
4120
4987
555
1200
1266
2907
473
3479
238
474
1104
417
1131
423
2082
446
2621
1044
4255
2980
1549
3581
1923
1162
1052
4486
404
2934
3420
3045
1967
224
3017
1851
2656
3720
589
4909
683
22
3961
2470
2375
3534
3279
27
395
3794
2824
2781
3018
1638
39
2640
2234
2301
421
2944
2559
2762
3588
3245
4570
3260
2647
1487
673
2948
4710
4070
4638
3667
3299
3845
4046
4082
3838
1682
3467
1003
3974
1126
3351
2460
1405
1434
342
549
3174
3057
4678
947
4778
1859
1691
2655
3568
4653
3488
298
1735
1221
4083
4534
775
4470
4770
2175
4060
1815
3328
1227
774
1041
4857
1078
285
584
4
2761
1750
4026
3218
4516
4088
2555
3174
1798
4007
1646
3121
4816
2475
4217
4368
2467
2462
2273
616
4663
2465
3426
4426
1579
1106
86
997
4437
1245
65
4617
3060
718
2473
1944
3031
610
1885
4202
463
4524
4141
777
1184
1608
4453
4452
3942
1863
3109
4676
756
4761
3074
4893
4367
210
804
2688
381
2478
3048
884
4481
2778
347
4979
3454
839
2607
795
2917
4539
2260
646
841
4206
1029
855
1768
1786
4849
3248
1312
1003
2730
2801
794
3212
1836
2587
4729
1581
1278
1709
683
2722
2266
4957
1923
4510
3704
1186
4166
3750
1649
4985
2476
4005
4591
213
1856
3053
4875
3835
3776
3267
969
4030
676
3833
344
4989
245
3265
4879
1692
3280
1502
3600
4229
380
953
3494
454
790
262
1624
2303
4059
2217
4537
4789
3523
4417
609
414
2523
2722
1862
3273
1421
4926
4611
460
1253
117
4218
3795
1252
2874
2123
352
2083
1677
1072
920
2585
174
4362
2122
1132
4871
3620
2410
4400
3280
4093
621
61
4846
3457
4932
4155
3150
4846
311
1085
4948
4503
2288
3858
125
416
2017
2072
3435
2620
3627
4496
1766
1355
3498
3413
4542
1604
353
2047
4394
1881
3410
3455
3085
696
1127
2179
2055
1695
524
3405
4809
3197
3848
254
4023
3784
323
897
4044
4271
2695
1114
4450
4872
2840
1190
2246
43
860
4752
1595
4778
1222
4332
1892
2195
3891
2155
3743
3641
968
4940
844
18
1900
3132
3510
1093
2574
2952
814
1938
1295
3617
2233
1411
4782
1744
4724
1805
3860
3202
3880
2125
4327
3989
2993
570
3946
1259
2636
2181
1306
1682
2430
1368
277
4897
729
2590
573
4604
1607
540
4829
1547
2074
497
2509
2487
655
4127
1054
3468
4096
3336
3644
2867
3512
4244
1217
2176
3233
2614
2033
1401
3990
4297
4667
639
4790
4787
3755
1274
4119
3185
164
2773
3624
1120
4173
2794
990
1189
2816
4415
2797
762
4469
592
248
4330
4182
1145
1304
830
1530
971
2528
3219
3421
1369
4325
4502
2269
2770
1948
3570
4285
44
2982
3756
2560
3422
1969
704
453
2005
986
4190
2113
2258
888
1351
3226
1602
3368
3378
3689
2455
488
3293
2108
4333
784
1738
1574
2962
4370
3190
1111
4164
1527
921
3616
136
2951
2637
1739
4936
3782
4787
3362
3598
4413
3506
3891
1168
3933
2654
4531
2454
2060
3339
4583
4613
1750
4515
2053
4537
2300
1640
3395
3948
727
4296
967
3774
2585
2236
3282
1906
866
2974
2008
3210
732
4981
1724
1216
2184
3445
3839
3615
2444
1197
4248
560
1737
129
3251
827
1058
424
2059
1059
3574
1542
482
1222
1313
894
2177
4142
2761
449
4704
532
1301
409
470
1705
370
1588
337
2440
3441
4314
4355
2688
3029
585
1449
909
4886
1765
3349
3995
255
3057
2971
2573
4999
2977
76
4414
2285
4095
1249
2696
1931
4820
4196
2583
3771
4292
666
4263
2825
234
1366
4564
910
3912
553
385
4386
2939
3216
2194
1621
4448
2458
3070
1635
867
4360
2493
2311
1994
1554
973
855
893
3462
4477
4017
3311
2332
2168
1272
2850
3922
4054
362
400
3315
2394
116
2109
2364
2331
551
3901
2639
4616
2441
1630
1150
169
3417
462
2619
2602
2875
3307
484
1689
1575
1917
4623
4367
2735
876
2384
2003
1753
412
3360
993
2926
3729
4614
3341
49
1195
1857
2589
349
4578
4491
2841
2500
3054
2190
1990
1256
1802
1909
3384
3157
2790
3440
4457
3425
923
2568
3565
3424
2996
1179
206
68
240
1123
3920
4829
2220
664
962
1060
101
2991
1680
2100
1297
999
255
3655
1571
575
3271
2828
1849
3567
3405
3331
1534
3565
2868
1598
3640
1803
3530
793
3290
615
958
466
549
1460
4118
1925
3483
735
2723
637
3246
2898
1542
1755
3945
4421
3400
1481
2577
2624
1826
4739
1235
1426
1241
1531
523
4836
4637
1587
4372
4361
1782
4344
2152
3749
1326
1472
2212
4696
1604
1651
4036
2126
2211
3287
1858
4288
414
699
1558
1244
1791
420
4593
3768
742
4427
4731
3533
1198
71
1242
1825
4480
4907
3854
894
3541
1028
1536
3722
1708
3769
266
3800
4490
2948
458
2955
3295
3281
33
100
4356
2254
2734
37
3195
3699
3746
47
278
4162
4665
4009
4589
1442
4081
161
3609
3735
170
2834
2410
701
4250
2064
3256
3807
1347
1665
1488
4491
4644
917
2347
4488
1412
2160
4024
3117
1311
4646
3925
441
3788
1255
2385
4835
2973
1248
1953
697
659
3284
1584
1191
616
3255
2665
982
3636
2183
869
4675
2633
1534
4708
3354
4401
4511
3917
2732
3688
2439
62
1140
783
2252
3878
3159
4771
802
3234
3076
2395
4164
4412
1175
221
4572
1439
195
3427
2593
825
3421
2937
3015
1653
2218
1696
547
2575
4641
338
4496
3258
4424
2142
564
1381
4970
2886
2630
2825
4382
1158
4586
2635
2227
1760
4906
1063
4484
2635
3355
1910
3093
3419
3955
2117
1667
1082
1086
3036
4065
79
788
1240
3248
1089
486
4565
2592
2895
3997
970
1640
2078
3531
3613
2223
202
3545
4757
4477
2814
4147
66
1978
4319
647
2103
4193
3192
1890
909
2990
3469
1201
2648
4119
4352
4399
4592
2960
2579
3992
3516
1808
2785
4211
3939
2031
2407
1489
529
333
2259
577
4597
36
2595
1521
1699
140
1993
1813
2030
4834
4504
4832
2940
2954
769
3760
2534
3298
4091
718
278
2320
510
4204
3843
521
1400
369
2126
1755
1004
94
2485
2914
625
2122
800
56
2323
1868
1064
1672
2674
3532
4076
1196
4633
4149
2772
4222
2205
4880
1646
2956
1363
3225
99
4223
122
1170
4838
1464
242
1288
1169
1606
2787
4511
3906
1674
4838
2824
4467
3491
1416
392
1965
1152
4484
4885
2564
1250
3564
2904
208
3592
703
3742
694
226
48
3008
645
2317
4912
2404
1404
752
1411
2054
1335
3685
2261
2951
3771
4943
3006
3145
2876
2196
3059
203
2253
2413
4873
789
4929
2172
1015
334
149
917
1365
4530
3356
2397
310
3778
4626
1728
3138
1362
1361
4521
777
3817
1721
4767
3347
2881
753
37
3638
3075
1937
2660
4758
4828
4837
3286
2035
2537
2902
3439
1094
2393
3537
1512
2376
4810
397
3585
4162
1199
2715
3168
541
3889
2859
3039
2533
3313
4483
33
998
2265
1904
2837
4249
4720
4629
1420
535
4350
1974
924
545
4469
985
3078
4756
3361
2913
2801
27
717
3110
3492
1940
3109
4262
2870
315
4133
1204
4158
2350
4744
606
584
3996
934
1469
1390
1425
4347
1258
578
3135
4234
3558
3898
2633
1172
2200
3476
1642
4698
2984
2271
3072
4525
4737
3660
1725
2363
490
1772
3081
4203
3395
105
1714
193
3432
2089
316
3335
2725
419
3276
2882
2873
77
2861
4684
1909
2532
2284
3693
4959
4486
1821
1123
4098
3780
3874
297
878
3194
1926
4974
1854
2353
782
1570
3292
2567
3697
4522
3619
147
3936
2591
3811
1218
4243
3550
1769
3141
1061
4995
675
709
2777
4240
607
2809
3933
469
2264
2561
3427
3513
3381
4553
167
1193
627
4336
4410
4307
706
3436
26
914
2605
999
2468
1426
1663
4423
1944
632
4827
3630
390
448
1118
4604
2143
1617
1389
2142
4284
587
2480
1615
3356
3535
2195
1033
1919
91
4860
2953
3207
1081
4813
2668
69
682
832
781
2378
406
4011
3566
4228
2182
2608
2663
2839
1886
2372
1561
90
4919
1614
1121
214
2758
3046
4646
4011
1539
2327
4622
4988
2431
2683
880
661
2895
2036
306
4329
3499
2380
4766
1942
4619
3449
3051
12
4417
281
900
4218
1867
1094
19
3272
1713
1158
1302
1601
4139
3465
1960
331
2058
1083
1234
1087
1520
3836
247
2967
1208
3834
4357
2293
2178
2456
2987
2553
4392
1303
792
4166
4746
1081
1143
4758
803
4036
1563
2023
1501
3178
1799
4965
138
1214
1859
1712
4699
1329
2828
4662
3605
4442
615
2204
399
858
2492
3018
981
1415
2134
2686
1685
797
1344
4910
955
825
581
952
1496
1363
3754
4562
4560
819
4677
4990
799
3418
2326
1220
1021
158
3452
4171
2581
1952
4514
1531
565
813
4227
3374
3793
2369
2902
1803
4408
250
852
173
1732
1809
269
2853
2687
774
434
4999
1474
719
2835
3610
3190
2852
4071
678
2529
3715
3810
4079
1740
2233
4782
1388
3044
3493
3372
1536
686
2087
4130
3323
1203
3301
3281
1166
3949
3606
4516
3670
4739
4736
390
3393
3994
2546
2926
2162
3477
867
4614
2526
599
3240
1262
3683
3322
1499
4608
3385
3969
4720
3200
3411
2239
2124
3572
2324
2854
2527
2680
1615
2646
3163
1838
2905
1884
180
2550
4882
53
4831
2557
1673
2336
833
978
1902
3728
1316
3166
3727
4029
1876
3322
4889
3487
4994
1066
148
1451
4322
2702
4191
989
4675
483
4877
3247
3326
3658
3851
3138
4971
1307
2450
531
405
4715
2995
946
2447
2340
4437
1980
4927
4930
964
3231
2830
4143
4924
4688
1989
2562
1215
13
3204
1067
2483
2897
1357
2953
2609
3278
4912
1372
3778
1752
4806
900
76
903
330
1379
1103
2727
1431
4689
3503
4398
2871
2101
1872
256
363
3628
2241
3237
2504
1685
39
3549
2322
4845
2499
2867
1309
2878
1466
1057
4581
2842
1539
1371
1226
4868
367
294
4952
4247
4950
550
3334
3442
4405
3004
4538
1069
2733
1659
4628
1450
3027
3073
1911
4866
738
1093
3600
1537
672
1435
1893
753
172
1869
4385
2724
471
260
1973
1264
4900
3214
3683
1179
411
1636
2377
1395
1376
3351
1741
3352
3580
4695
4582
1175
1508
1206
2115
2735
379
552
2234
3175
2783
3899
604
4329
3859
241
3182
4936
966
3821
873
1415
3013
2681
2765
1528
2988
4783
3022
4012
313
221
1148
3032
2358
1327
3747
3167
2
2793
4876
1445
2438
3414
2088
4428
4255
3542
3001
4902
3971
4466
4387
2352
851
4183
561
3936
2910
4358
4587
2020
1678
883
3517
2879
4748
4170
1227
4710
505
2615
2643
648
698
456
3829
4895
1757
2282
4441
2032
2968
1908
621
4961
2878
4655
4454
2829
4056
863
2563
610
2548
1872
1283
3108
1035
2746
4808
4597
4243
697
1239
3188
4784
1237
2831
809
320
3409
4237
2081
2187
222
3884
604
2240
2901
2627
1456
1095
1199
4457
1268
3206
1017
359
435
86
1337
2754
948
1572
1294
4371
358
505
3238
475
1403
1454
3856
1433
202
3825
1719
3868
4365
2783
2936
679
3944
3424
2111
1173
2065
1476
2220
1848
1589
811
3127
4548
4647
3392
1518
3705
3448
3986
4157
2354
2085
2206
1707
4664
4573
3172
40
4482
78
947
4883
4630
3777
3897
1180
3832
4916
3950
1443
624
188
1783
2785
4357
2903
2404
508
3116
4795
4884
3088
3686
4361
4273
844
4527
2322
1280
502
4694
4800
3009
4275
2096
1019
4267
3888
778
786
1212
3061
1730
1071
97
2717
4050
440
1625
3333
2049
2388
2191
3831
3487
2975
600
1645
3940
2800
1020
2306
1588
1319
1701
740
3888
3914
397
4626
2045
2334
1974
3090
3740
2848
1467
1860
524
4980
1781
3352
4955
2252
1079
2935
1246
2324
1267
3306
1492
289
3133
4673
2921
1866
4464
902
945
1384
3380
2572
1207
4905
2616
3574
489
1423
3679
126
1231
283
547
4906
295
3910
4372
2137
2681
730
51
3734
1722
1817
559
4276
4077
3089
3337
2402
2780
866
3643
3659
1983
2442
1282
3658
1388
1211
1034
2748
3326
3608
1233
3789
4455
4148
2987
1205
1040
1811
1001
4899
3039
3718
147
3809
525
4962
1438
1510
2035
3746
840
4957
2853
948
1567
218
2296
1393
4158
3726
4904
4893
2408
1535
1844
4366
4864
2575
4360
2464
1778
4613
1232
2719
28
2489
3115
2832
4022
290
1819
1788
1101
4952
2160
4425
422
3466
1551
4977
2738
422
3505
2093
2208
2851
2292
1088
2125
3564
2022
1889
3519
557
4370
1012
4609
3101
3386
175
4127
3559
3924
15
1548
3686
4475
3552
2321
4518
1939
2784
1218
3467
4582
2137
3522
1746
882
312
2847
3812
4168
1107
769
2512
1592
20
4726
274
4620
2417
1794
3300
2576
1037
2218
479
2293
2638
3965
746
1724
1731
4963
4659
2179
2678
4380
2201
3084
3391
1409
289
3598
3876
1867
3687
3765
2073
2972
201
711
394
1298
2644
1405
3816
198
1530
4863
185
751
3594
2357
3829
13
4656
1610
467
915
4191
2092
2098
2515
3046
373
2023
2972
2789
3741
4769
4741
1791
2371
3473
3096
2810
3360
450
2396
327
2330
3402
808
960
4269
4081
2880
2189
2986
1204
4384
2743
1781
2119
836
4584
4194
2225
503
1619
2741
3575
4277
4170
4535
893
2446
4348
1785
4750
2758
274
2229
3232
75
4008
4099
4863
2672
4109
2099
3240
8
2909
1786
2754
101
3407
3404
2341
1590
3681
4313
229
3439
2378
4533
4827
1479
2209
1631
3271
454
2629
1605
2719
1686
3517
707
4395
1856
4844
381
712
2582
1045
2019
2499
845
1973
2941
1722
3433
4146
3720
2288
3939
3830
2311
1963
415
2522
3080
4115
1430
822
1529
3399
4617
2705
737
1049
2329
2815
68
4715
3879
2808
1991
2837
3790
4759
3844
4265
1992
899
2811
1256
2251
1706
2647
570
3964
1182
4546
3028
2994
93
2368
407
4076
1792
3993
4298
2217
3501
253
1324
1320
4086
2707
3766
4962
324
3049
3071
868
461
1612
2171
4354
1937
1962
4327
2976
2808
2946
3183
335
1447
2697
1870
4358
4609
601
242
2140
9
3898
2136
361
884
633
365
3192
434
2908
1658
680
4983
821
3926
1818
1352
4513
2287
25
2202
719
4972
4369
4251
1141
1390
2264
291
3259
3471
1480
2852
4956
3694
2505
2887
2756
3140
284
1601
2850
4751
3025
807
806
2645
3873
2333
29
1985
2026
3359
2275
3759
517
2970
2158
1658
4517
271
2517
265
453
1920
992
3929
1984
1932
1603
3622
3076
4634
4569
2208
4776
4141
2564
4959
1921
4916
2512
4266
2821
212
463
3573
1762
4534
3199
3968
3970
2432
2001
2502
1278
4929
2189
1864
2360
2364
392
1965
871
1050
4129
3546
3260
965
4729
3669
4458
1333
3085
3659
1581
403
2161
3916
3980
849
4487
3646
2918
3882
3786
666
636
4588
2894
1676
4180
4368
3673
1142
3403
3358
341
3041
2119
4139
3648
332
2979
1771
3267
1671
4931
1747
3673
2912
4713
4913
1509
4549
3591
3338
2084
3977
418
4411
3993
1770
1692
2670
4865
1454
3123
3875
1780
2823
4505
3704
1998
3177
4742
3420
3270
1694
4475
4340
2462
1797
2712
2009
4650
83
3103
1335
936
3375
4922
3189
3850
4090
4547
2901
2538
4801
192
4107
3842
4195
2021
4077
4269
2605
3838
3153
714
4390
4579
114
1936
4577
1432
2750
3745
2488
11
67
713
2018
643
2390
2080
3741
775
2024
1527
1828
2017
4781
3909
3637
2129
2409
3748
2437
2935
3063
4100
3465
4841
1879
2286
1322
1709
2662
2673
520
766
378
2076
3170
4487
2192
2598
485
860
239
4387
2224
1666
2549
3270
4015
2181
3738
451
3795
1195
4343
4123
4037
892
971
704
944
1006
760
639
4198
3088
477
913
4025
4550
2148
1032
2964
2911
3177
1095
4992
2448
3943
1941
156
299
3160
3696
160
3971
201
4067
1366
200
3839
3249
4156
3557
3389
4687
4200
4403
3887
3430
4311
4226
1557
3092
1711
18
1612
432
2566
4870
4018
7
3308
545
3584
2494
1133
3128
633
3140
2262
4018
3010
4980
2503
2720
707
377
4123
811
2800
3012
2651
4160
1735
538
3314
653
2477
846
977
2011
3123
2618
1122
3725
406
956
1676
4452
2437
4291
2064
2411
3186
4794
4051
3327
3497
3618
966
503
3882
4851
1896
1104
2545
2693
3115
2227
1402
4152
3401
1345
357
2868
3946
3014
1144
4868
779
283
2298
4211
4753
822
2391
478
3692
367
2268
3522
975
698
44
4430
467
3136
928
182
4126
4828
4762
4305
2666
3238
348
4748
1402
24
439
3176
4112
544
2153
842
2997
3768
3711
2827
3286
778
4150
143
190
991
1492
4887
1271
4052
2507
2572
4815
4621
3509
1328
382
153
3972
4252
139
4435
4900
375
131
2749
197
577
861
1030
1432
870
4707
235
1464
1266
874
1254
3612
1515
763
693
4920
3955
537
2720
4121
838
780
3525
4705
2335
773
441
726
2034
2552
3377
665
3235
4105
2660
1050
2488
679
1110
2459
1032
1550
1188
1507
2457
4540
4998
661
2249
575
1631
2711
1987
3139
4949
676
677
3744
110
1048
1364
4998
3512
970
3780
4557
4451
1494
4790
2794
345
1710
2576
3230
1327
1596
4335
3323
739
1352
3214
2134
1287
2279
2613
4765
3609
670
3504
4657
1622
3233
2350
2414
1546
1639
1165
689
1970
141
2418
2043
3106
195
315
4680
4323
4064
1814
1215
209
1945
1323
2691
1398
3388
2597
3956
4085
2242
4425
4777
2447
3112
918
2279
1662
3757
1517
2022
372
2558
674
1885
1039
1939
3794
1080
558
3081
4774
4961
3253
238
2367
438
1582
2969
3011
324
1047
4501
3657
4478
4525
1144
4095
38
4122
3226
341
1644
3164
286
787
4554
2216
1883
498
326
3806
1521
1010
2474
2029
182
2806
4413
119
4165
4979
4375
4097
3660
2993
4232
4933
1832
579
1419
4143
4808
300
688
4627
785
3779
4862
3978
2862
3151
2887
3243
2774
3087
2984
16
4509
1191
1068
2219
4353
4190
1607
3579
4780
2459
2849
2170
1433
2964
3803
1016
233
927
3649
3583
1787
1952
3401
3143
1739
4050
3884
1288
526
3091
3662
2073
2967
3051
3553
628
4771
2240
3146
305
4217
2634
4345
2702
3078
1483
2832
3041
3175
2131
4146
4080
2978
4877
720
2571
3610
4364
592
3266
4039
1134
2885
1349
1270
3691
3382
2818
336
3816
499
4608
1600
1293
2550
4334
1647
1758
3948
4668
1070
4379
2922
1747
534
513
2510
2238
924
4042
622
3544
1790
403
2185
1929
361
3819
2382
2940
4555
1219
3783
1996
2006
4974
128
3899
340
2086
3701
1922
2362
3377
3840
2366
3561
3552
4114
1719
293
1109
4670
4708
2042
2516
1756
350
1892
3645
3823
133
957
3064
4348
3370
2081
3120
2740
3119
940
2943
3110
3504
4894
4894
755
2247
3358
1504
1022
1873
493
3056
1838
1367
3935
1439
2202
4712
1971
3864
583
1934
1516
1891
3364
4973
3492
4565
880
2479
4138
4364
888
2981
3171
4131
4504
1583
672
2892
2652
1135
596
2133
3781
1406
738
1545
4014
2998
2599
1912
3157
4947
1111
3958
4867
163
4410
3005
4176
1745
3841
85
4461
3536
3397
2332
3321
649
4178
989
3244
2979
1469
500
2497
1326
471
2003
4861
228
4135
3120
1899
3305
4261
1656
3626
243
4918
307
1129
596
3202
745
859
3313
4908
1573
662
1687
3752
3059
2666
2314
2013
612
4275
2180
1558
1784
4559
1329
1597
4532
4296
3324
3744
4466
368
2048
3470
4295
862
2345
205
2361
4888
4532
2503
4556
2130
528
557
1292
1622
4169
2985
1370
1728
4284
1643
2933
2734
2132
4136
4648
595
4116
4002
1584
3691
1834
3525
1163
4206
852
842
4521
3263
2294
765
2016
1
436
1895
1350
4759
3824
2145
2028
2927
2541
3973
4337
2276
4245
337
1725
3577
2129
1726
2827
3698
2012
1034
691
3597
3532
2866
4335
4991
3546
3363
902
3317
3842
1855
1626
1980
428
4317
2077
1823
3165
3631
952
4289
21
1908
3823
1207
1379
2432
263
591
1573
1223
4293
1378
2040
3062
1027
1484
1650
4345
2664
2250
4396
2383
706
1444
2309
3161
1792
4907
2050
362
480
875
1857
95
1168
1098
3382
4433
3221
4316
4563
1943
14
3195
2999
2306
1555
4066
1910
42
1893
2838
2082
1319
4086
4315
4508
4181
1043
3735
694
4567
1520
1744
3304
1928
3068
3758
4842
1970
1678
4935
2786
268
4186
1036
2703
2291
1660
3604
3468
824
3706
4239
3781
3788
1679
2454
4944
2549
4144
192
1690
229
1472
726
4310
243
1775
62
853
834
4374
1294
1715
4793
272
130
1748
1751
746
3831
552
4640
1933
4100
4874
899
3332
1280
4642
169
3797
1906
1775
4002
2890
150
3586
2676
1305
1954
3104
630
2113
1761
1821
35
1736
1403
152
2817
1807
4300
4781
54
302
1839
3826
223
2466
3187
225
1814
3941
2361
4085
2262
2712
3212
405
1942
1657
1918
4137
562
321
2325
3478
4051
4107
4653
2381
426
10
2619
480
1236
1804
4674
2107
2805
239
2833
2626
3551
3767
1540
3952
3026
102
3376
4633
1167
1020
873
3723
3228
1019
695
3747
3721
4444
1986
345
3804
2594
3865
1267
2213
3211
1125
4517
1202
3652
3822
1184
4744
2193
1009
3165
2405
3215
2913
2658
1749
854
124
1332
1773
2170
2721
3621
158
1949
4867
3294
4819
5
2802
4686
618
1406
1847
3259
740
554
1557
3520
2729
1074
4991
3756
1495
2917
4205
4316
3870
3941
350
2812
2500
1834
3857
2858
1740
3580
4548
2319
1593
4881
831
1348
4788
4954
3850
181
4303
188
1286
555
4349
2069
1727
383
3843
42
1700
4059
818
4755
841
4207
1687
4596
4843
4185
1046
3527
4798
2192
787
1493
4589
856
4928
2188
4325
4640
2114
4252
3325
3406
3707
2102
3789
3801
4925
3824
2312
4723
1702
108
364
456
4007
3573
2460
4359
3613
308
4183
839
2718
2330
4208
4381
2561
4013
4599
4167
2696
4509
1025
1577
3111
1972
4226
1799
4600
1514
4073
3915
1017
1666
1427
3927
716
1409
2983
2683
2653
1482
2570
1783
3466
834
1780
2930
3438
3231
3488
1265
1043
3236
4214
1731
4323
951
2963
1337
3635
3588
988
2172
1130
2856
4801
2071
4925
3426
1858
98
3693
3895
1616
3486
796
2150
4686
257
1500
759
3122
1822
3113
2752
1369
4824
3300
4556
1196
1486
652
2616
3261
3290
2716
3383
1258
2435
2
1651
4015
4256
1797
3688
3391
108
512
1779
1275
3119
130
3222
3205
3357
3433
4625
1703
3266
1122
2456
314
2300
2314
2377
2254
4304
2176
2893
3849
1477
2580
2920
4727
3802
311
3431
45
4444
1372
3590
3911
4779
2596
2731
3045
210
4690
3715
2075
2280
4029
4924
4718
355
4523
537
1384
3047
2379
4061
2015
3450
486
4865
2533
3013
1850
259
1860
3958
907
4017
2789
2970
4261
2862
3021
4746
1560
3318
4903
4242
2185
846
3131
2598
66
501
271
4645
1482
2072
4220
2356
2278
3965
4973
3474
3184
3593
2888
4109
730
4338
4228
2147
4749
2388
4740
1707
4955
1251
1743
157
4110
4088
2151
3602
2396
3815
2063
3262
2257
3733
3047
1718
636
3104
4338
2493
258
3572
1712
2904
3700
2349
4460
3234
429
2946
4722
3040
3900
2753
2163
4197
4220
3710
2907
1526
1407
3763
4412
3482
563
767
194
1156
3751
3761
2502
2229
1638
759
588
2704
4637
490
3540
3586
1778
3915
4824
2436
1228
1873
4227
4406
4098
720
3108
1284
4455
2833
4538
1338
940
4806
2001
3277
4106
3713
2617
4089
4823
3511
2042
190
1380
431
1129
770
3770
2091
1667
649
2557
1235
450
2766
803
4331
3257
438
4938
2524
928
219
487
2772
926
4046
3945
2708
1124
1431
3387
3393
3118
3511
3056
1049
3536
1516
1723
1727
4403
1291
796
4404
2982
3387
4479
459
4134
2253
4163
3963
3857
3593
437
2578
4526
4264
969
4248
687
1461
184
4823
4101
3647
750
3981
2968
3695
3294
3528
1161
2994
3709
3485
279
4105
2929
489
2046
1917
1958
2526
3811
2710
4830
2766
4593
2883
1076
1661
606
2920
3892
511
4142
2864
1413
3950
4871
1847
2869
687
3052
4839
1532
4549
3003
4326
183
1498
3995
3321
3645
608
320
3482
1807
1339
215
2482
2362
1681
1334
4585
80
703
3220
2342
3671
522
2430
3050
77
231
3413
3344
3349
2108
3077
2519
1118
4697
1060
2762
4520
386
934
3480
4543
2363
4573
533
2097
4236
328
4988
2353
1850
4632
2374
3258
2817
4409
731
186
1988
1988
1105
1410
4982
1051
4905
4832
3080
3095
3569
2675
4657
667
1671
499
2130
4649
1471
1282
3603
2159
87
2861
4450
2521
1632
1276
2403
2954
1446
2177
3814
525
3782
4869
2223
1620
3523
4812
2491
1616
3728
2316
516
3654
4539
491
2489
1637
4094
433
1444
2750
2882
3731
3934
1765
1272
4000
2604
1309
4383
4632
2141
3317
3315
4420
464
4555
3428
4279
3627
2259
929
1541
1448
3697
1410
3033
1064
2255
804
2546
1924
2830
2582
3486
2641
4676
3542
677
1865
2443
1408
1879
1031
3799
4056
2760
2198
371
723
2055
837
2813
4389
2051
700
1167
121
4695
1820
2773
1399
1836
4221
1022
2845
3371
4169
4004
132
3671
755
3666
837
3297
3687
3124
3309
2171
1449
912
1026
1042
2760
3232
1418
1696
2307
3149
1229
1504
1216
233
3121
4289
4182
1297
52
4687
3846
1502
4122
468
972
3571
1299
3276
496
170
3799
3225
2674
3797
4043
4763
1458
3762
993
1553
1105
1866
4741
1603
4603
3596
598
3370
4643
4233
2505
2483
1900
2452
4752
2511
3966
2078
1014
4479
452
3664
3154
2739
3191
2138
3629
2135
4192
2602
2230
1528
2603
3083
3338
4096
3563
4665
1008
1776
3328
251
3209
2029
3764
736
4238
744
568
1400
2640
3822
119
3978
511
2915
3555
61
88
401
4027
2277
3919
2764
1396
4161
4934
2554
2990
1831
3905
285
879
3253
2448
504
137
3935
4902
795
3019
1749
3027
861
310
472
2860
2601
482
1585
3785
1359
1562
4567
657
2756
1756
3972
1328
582
699
3210
4564
1376
3463
2870
2255
4774
2184
2416
1878
2659
2911
247
2899
358
507
2630
620
2465
4294
1269
4453
531
3008
4670
2815
2215
2274
4027
3798
1489
227
3264
3739
3979
853
3159
933
3755
2153
74
3595
4280
1058
2247
296
2487
3173
2657
911
364
1820
1132
1851
3367
3369
1441
4468
3042
2037
4235
2381
4557
2376
3239
2044
1097
1946
3807
2768
3640
1475
3331
1090
3633
1026
1564
1703
761
